0.000000000000000000e+00 0.000000000000000000e+00
2.000000000000000096e-04 4.973310422322740204e-02
2.999999999999999737e-04 6.458853389902485809e-02
5.000000000000000104e-04 9.212382812697808565e-02
7.000000000000001013e-04 1.139518806246895416e-01
1.000000000000000021e-03 1.357121924396377521e-01
1.400000000000000203e-03 1.536581009368450101e-01
1.799999999999999951e-03 1.676078502401819326e-01
2.000000000000000042e-03 1.728924179550888340e-01
2.500000000000000052e-03 1.827295910783977850e-01
3.000000000000000062e-03 1.885910650887157314e-01
4.000000000000000083e-03 2.004006313890659141e-01
5.000000000000000104e-03 2.063055660850399431e-01
6.000000000000000125e-03 2.115175077453878283e-01
6.999999999999999278e-03 2.167275392817418489e-01
8.000000000000000167e-03 2.205726166674319699e-01
1.000000000000000021e-02 2.279597355058162467e-01
1.250000000000000069e-02 2.372831460649612867e-01
1.499999999999999944e-02 2.431768630573980239e-01
2.000000000000000042e-02 2.540628117981736378e-01
2.500000000000000139e-02 2.619423045914940351e-01
2.999999999999999889e-02 2.701347597508959031e-01
4.000000000000000083e-02 2.789360662626197973e-01
5.000000000000000278e-02 2.893131242521002067e-01
7.000000000000000666e-02 2.999999999999999889e-01
