2.857142857142857140e-03 1.266594991068215048e+00
4.285714285714285060e-03 1.871842633542916357e+00
7.142857142857142634e-03 3.245013611218216631e+00
1.000000000000000021e-02 3.886570655360754412e+00
1.428571428571428527e-02 4.401227856738532118e+00
2.000000000000000042e-02 4.690738420267082986e+00
2.571428571428571036e-02 4.294506439359143890e+00
2.857142857142857054e-02 4.486408163081062384e+00
3.571428571428571230e-02 4.136925662391341518e+00
4.285714285714285060e-02 4.108165122382611223e+00
5.714285714285714107e-02 3.750463728686284970e+00
7.142857142857142461e-02 3.752452778765305919e+00
8.571428571428570120e-02 3.581550644549080786e+00
9.999999999999997780e-02 3.617337637847265697e+00
1.142857142857142821e-01 3.496407402909302853e+00
1.428571428571428492e-01 3.427111763303315684e+00
1.785714285714285754e-01 2.977468529265380859e+00
2.142857142857142461e-01 3.055599657695199145e+00
2.857142857142856984e-01 2.744458077013038899e+00
3.571428571428571508e-01 2.574841297277865149e+00
4.285714285714284921e-01 2.079660466786835915e+00
5.714285714285713969e-01 1.634223168640438484e+00
7.142857142857143016e-01 1.087150446462146647e+00
