0.000000000000000000e+00 -1.730623389339741891e+01
2.857142857142857140e-03 -6.366101885027589669e-01
4.285714285714285060e-03 4.806976270590477718e+00
7.142857142857142634e-03 6.680673926817288333e+00
1.000000000000000021e-02 7.793915775455978689e+00
1.428571428571428527e-02 7.006018430693131016e+00
2.000000000000000042e-02 5.390784256890049697e+00
2.571428571428571036e-02 4.233906851271274085e+00
2.857142857142857054e-02 3.650297762319069772e+00
3.571428571428571230e-02 2.457261230970480437e+00
4.285714285714285060e-02 1.870776607384403656e+00
5.714285714285714107e-02 1.412980505689568789e+00
7.142857142857142461e-02 8.908470402378976249e-01
8.571428571428570120e-02 8.236748029517437786e-01
9.999999999999997780e-02 7.071862578632079899e-01
1.142857142857142821e-01 5.857929237948269474e-01
1.428571428571428492e-01 5.540447979726320638e-01
1.785714285714285754e-01 4.371777348973304167e-01
2.142857142857142461e-01 3.170707251604805155e-01
2.857142857142856984e-01 2.358411834979351474e-01
3.571428571428571508e-01 1.819218304168209732e-01
4.285714285714284921e-01 1.394823139452445460e-01
5.714285714285713969e-01 7.246904773149409618e-02
7.142857142857143016e-01 4.362843140942477410e-02
1.000000000000000000e+00 -2.849522365613659739e-04
