2.857142857142857140e-03 3.572662311989250128e+01
4.285714285714285060e-03 8.089390063215839177e+01
7.142857142857142634e-03 2.259995396639375258e+02
1.000000000000000021e-02 3.687494574330937098e+02
1.428571428571428527e-02 5.411964409571786518e+02
2.000000000000000042e-02 6.735675394322234979e+02
2.571428571428571036e-02 7.695358433539308862e+02
2.857142857142857054e-02 8.034300999582214899e+02
3.571428571428571230e-02 8.483116783550800619e+02
4.285714285714285060e-02 8.739064005771016355e+02
5.714285714285714107e-02 8.235028717899069761e+02
7.142857142857142461e-02 8.655672197314047480e+02
8.571428571428570120e-02 8.427768708093741452e+02
9.999999999999997780e-02 8.785674847518473598e+02
1.142857142857142821e-01 8.523342121595471781e+02
1.428571428571428492e-01 8.630016536232399176e+02
1.785714285714285754e-01 7.248309245757608323e+02
2.142857142857142461e-01 7.671691909767832840e+02
2.857142857142856984e-01 6.666753820119320153e+02
3.571428571428571508e-01 6.323418622858583831e+02
4.285714285714284921e-01 4.397111950790020956e+02
5.714285714285713969e-01 3.434231367696512507e+02
7.142857142857143016e-01 1.546459852313480212e+02
