0.000000000000000000e+00 -4.281493817005028291e+02
2.857142857142857140e-03 -4.822810665830236587e+01
4.285714285714285060e-03 1.625280747591694137e+02
7.142857142857142634e-03 2.830983314459658118e+02
1.000000000000000021e-02 4.460545098276236331e+02
1.428571428571428527e-02 6.357533180837148166e+02
2.000000000000000042e-02 7.493795666646717564e+02
2.571428571428571036e-02 8.046394592515431441e+02
2.857142857142857054e-02 8.290034386503305086e+02
3.571428571428571230e-02 8.723220796820595524e+02
4.285714285714285060e-02 8.878293925444362458e+02
5.714285714285714107e-02 8.901732227533376545e+02
7.142857142857142461e-02 8.948354665863921582e+02
8.571428571428570120e-02 8.825710320608779966e+02
9.999999999999997780e-02 8.722335171268626937e+02
1.142857142857142821e-01 8.621801872433209155e+02
1.428571428571428492e-01 8.341539607597280792e+02
1.785714285714285754e-01 8.023310249893960417e+02
2.142857142857142461e-01 7.709668520888894818e+02
2.857142857142856984e-01 7.020947650570099086e+02
3.571428571428571508e-01 6.323538263350523039e+02
4.285714285714284921e-01 5.623384072613356466e+02
5.714285714285713969e-01 4.222146867846366263e+02
7.142857142857143016e-01 2.801536906882334392e+02
1.000000000000000000e+00 -3.064574688876782194e+00
