2.857142857142857140e-03 1.543678453318984012e+00
4.285714285714285060e-03 1.878029438486247482e+00
7.142857142857142634e-03 2.468719604240147802e+00
1.000000000000000021e-02 2.675586264226399003e+00
1.428571428571428527e-02 2.801104397304388094e+00
2.000000000000000042e-02 2.829511364219826852e+00
2.571428571428571036e-02 2.566536153791252772e+00
2.857142857142857054e-02 2.603818005933080659e+00
3.571428571428571230e-02 2.396812950655429209e+00
4.285714285714285060e-02 2.318808300974603220e+00
5.714285714285714107e-02 2.094733180245063942e+00
7.142857142857142461e-02 2.029237880716297404e+00
8.571428571428570120e-02 1.966017606994243438e+00
9.999999999999997780e-02 1.944985244070128516e+00
1.142857142857142821e-01 1.901943323521711360e+00
1.428571428571428492e-01 1.864752174375818194e+00
1.785714285714285754e-01 1.680057141061669812e+00
2.142857142857142461e-01 1.726306821029911953e+00
2.857142857142856984e-01 1.637690357285796816e+00
3.571428571428571508e-01 1.607568244538680746e+00
4.285714285714284921e-01 1.406992641323022930e+00
5.714285714285713969e-01 1.259191079435167726e+00
7.142857142857143016e-01 9.978411483280092975e-01
