2.701377582068249072e+00 1.543678453318984012e+00
4.052066373102373831e+00 1.878029438486247482e+00
6.753443955170623347e+00 2.468719604240147802e+00
9.454821537238874640e+00 2.675586264226399003e+00
1.350688791034124669e+01 2.801104397304388094e+00
1.890964307447774928e+01 2.829511364219826852e+00
2.431239823861424298e+01 2.566536153791252772e+00
2.701377582068249339e+01 2.603818005933080659e+00
3.376721977585311407e+01 2.396812950655429209e+00
4.052066373102374541e+01 2.318808300974603220e+00
5.402755164136498678e+01 2.094733180245063942e+00
6.753443955170622814e+01 2.029237880716297404e+00
8.104132746204749083e+01 1.966017606994243438e+00
9.454821537238871088e+01 1.944985244070128516e+00
1.080551032827299736e+02 1.901943323521711360e+00
1.350688791034124563e+02 1.864752174375818194e+00
1.688360988792655633e+02 1.680057141061669812e+00
2.026033186551186986e+02 1.726306821029911953e+00
2.701377582068249126e+02 1.637690357285796816e+00
3.376721977585311265e+02 1.607568244538680746e+00
4.052066373102373973e+02 1.406992641323022930e+00
5.402755164136498252e+02 1.259191079435167726e+00
6.753443955170622530e+02 9.978411483280092975e-01
