2.857142857142857140e-03 1.892041742642337210e-01
4.285714285714285060e-03 2.847033766176181868e-01
7.142857142857142634e-03 4.758701971683492737e-01
1.000000000000000021e-02 6.078556031671478177e-01
1.428571428571428527e-02 7.363973132508733199e-01
2.000000000000000042e-02 8.215335502464793382e-01
2.571428571428571036e-02 8.781104710414494585e-01
2.857142857142857054e-02 8.972403135831888976e-01
3.571428571428571230e-02 9.219607918770718058e-01
4.285714285714285060e-02 9.357658446476446734e-01
5.714285714285714107e-02 9.083794241098811506e-01
7.142857142857142461e-02 9.312904076485277738e-01
8.571428571428570120e-02 9.189482044240592229e-01
9.999999999999997780e-02 9.382580354219809404e-01
1.142857142857142821e-01 9.241440887399828830e-01
1.428571428571428492e-01 9.299091976397210191e-01
1.785714285714285754e-01 8.522226772146341833e-01
2.142857142857142461e-01 8.767591483327411561e-01
2.857142857142856984e-01 8.173196466631492685e-01
3.571428571428571508e-01 7.959956535350880547e-01
4.285714285714284921e-01 6.637713309858143118e-01
5.714285714285713969e-01 5.866100574390354927e-01
7.142857142857143016e-01 3.936443788820041534e-01
