2.701377582068249072e+00 1.918586031935179126e-01
4.052066373102373831e+00 2.886976060372254405e-01
6.753443955170623347e+00 4.825463903488642625e-01
9.454821537238874640e+00 6.163834779043140255e-01
1.350688791034124669e+01 7.467285564136716403e-01
1.890964307447774928e+01 8.330592072814363425e-01
2.431239823861424298e+01 8.904298706873822189e-01
2.701377582068249339e+01 9.098280942394926241e-01
3.376721977585311407e+01 9.348953870420099177e-01
4.052066373102374541e+01 9.488941169953775123e-01
5.402755164136498678e+01 9.211234802677351619e-01
6.753443955170622814e+01 9.443558921138692774e-01
8.104132746204749083e+01 9.318405346690060709e-01
9.454821537238871088e+01 9.514212718148487014e-01
1.080551032827299736e+02 9.371093143409389148e-01
1.350688791034124563e+02 9.429553044997901479e-01
1.688360988792655633e+02 8.641788855667359437e-01
2.026033186551186986e+02 8.890595896755352223e-01
2.701377582068249126e+02 8.287861849835203021e-01
3.376721977585311265e+02 8.071630281373904925e-01
4.052066373102373973e+02 6.730836721656531241e-01
5.402755164136498252e+02 5.948398690313561055e-01
6.753443955170622530e+02 3.991669897399191536e-01
