0.000000000000000000e+00 0.000000000000000000e+00
2.701377582068249072e+00 2.685227200776274525e+00
4.052066373102373831e+00 3.992200741922022900e+00
6.753443955170623347e+00 6.301292333435712045e+00
9.454821537238874640e+00 8.084860338629283660e+00
1.350688791034124669e+01 9.936711746787443289e+00
1.890964307447774928e+01 1.149247714493380990e+01
2.431239823861424298e+01 1.249815774339516672e+01
2.701377582068249339e+01 1.288023119787995974e+01
3.376721977585311407e+01 1.364228801529053925e+01
4.052066373102374541e+01 1.421314970485893348e+01
5.402755164136498678e+01 1.505699791541227839e+01
6.753443955170622814e+01 1.566379074344352951e+01
8.104132746204749083e+01 1.613986995345625530e+01
9.454821537238871088e+01 1.653350652472857263e+01
1.080551032827299736e+02 1.687029075099811948e+01
1.350688791034124563e+02 1.743210977318008048e+01
1.688360988792655633e+02 1.799156267727155267e+01
2.026033186551186986e+02 1.844712054040352456e+01
2.701377582068249126e+02 1.917241248134391896e+01
3.376721977585311265e+02 1.973255268393963036e+01
4.052066373102373973e+02 2.018932094830999802e+01
5.402755164136498252e+02 2.091648210872486047e+01
6.753443955170622530e+02 2.147779763586463631e+01
9.454821537238872224e+02 2.233354403757178730e+01
