2.857142857142857140e-03 1.697020732298071544e-01
4.285714285714285060e-03 2.016157810240321036e-01
7.142857142857142634e-03 2.784584964997687262e-01
1.000000000000000021e-02 3.783324607294163977e-01
1.428571428571428527e-02 5.051113304063330478e-01
2.000000000000000042e-02 6.317623352058394648e-01
2.571428571428571036e-02 7.941494349110236328e-01
2.857142857142857054e-02 8.337483652475418117e-01
3.571428571428571230e-02 9.066775437510137259e-01
4.285714285714285060e-02 9.661557867510250919e-01
5.714285714285714107e-02 1.018910553668443519e+00
7.142857142857142461e-02 1.065844720438127835e+00
8.571428571428570120e-02 1.052384930419824505e+00
9.999999999999997780e-02 1.077845757345214484e+00
1.142857142857142821e-01 1.066246588639314430e+00
1.428571428571428492e-01 1.067134655913809294e+00
1.785714285714285754e-01 1.029685767305597910e+00
2.142857142857142461e-01 1.028718485798991056e+00
2.857142857142856984e-01 9.739564157662325972e-01
3.571428571428571508e-01 9.304180039011991088e-01
4.285714285714284921e-01 8.588608669964757913e-01
5.714285714285713969e-01 7.542900322401834279e-01
7.142857142857143016e-01 6.321351998502744429e-01
