2.701377582068249072e+00 1.697020732298071544e-01
4.052066373102373831e+00 2.016157810240321036e-01
6.753443955170623347e+00 2.784584964997687262e-01
9.454821537238874640e+00 3.783324607294163977e-01
1.350688791034124669e+01 5.051113304063330478e-01
1.890964307447774928e+01 6.317623352058394648e-01
2.431239823861424298e+01 7.941494349110236328e-01
2.701377582068249339e+01 8.337483652475418117e-01
3.376721977585311407e+01 9.066775437510137259e-01
4.052066373102374541e+01 9.661557867510250919e-01
5.402755164136498678e+01 1.018910553668443519e+00
6.753443955170622814e+01 1.065844720438127835e+00
8.104132746204749083e+01 1.052384930419824505e+00
9.454821537238871088e+01 1.077845757345214484e+00
1.080551032827299736e+02 1.066246588639314430e+00
1.350688791034124563e+02 1.067134655913809294e+00
1.688360988792655633e+02 1.029685767305597910e+00
2.026033186551186986e+02 1.028718485798991056e+00
2.701377582068249126e+02 9.739564157662325972e-01
3.376721977585311265e+02 9.304180039011991088e-01
4.052066373102373973e+02 8.588608669964757913e-01
5.402755164136498252e+02 7.542900322401834279e-01
6.753443955170622530e+02 6.321351998502744429e-01
