0.000000000000000000e+00 0.000000000000000000e+00
2.857142857142857140e-03 3.770118666184754996e+00
4.285714285714285060e-03 4.896264592317423059e+00
7.142857142857142634e-03 6.983633325259124724e+00
1.000000000000000021e-02 8.638353042707365148e+00
1.428571428571428527e-02 1.028793754053610421e+01
2.000000000000000042e-02 1.164836347138651540e+01
2.571428571428571036e-02 1.270585246304582938e+01
2.857142857142857054e-02 1.310645981896838208e+01
3.571428571428571230e-02 1.385218664607757155e+01
4.285714285714285060e-02 1.429652755185468749e+01
5.714285714285714107e-02 1.519177563748901072e+01
7.142857142857142461e-02 1.563941116854231517e+01
8.571428571428570120e-02 1.603451295934439358e+01
9.999999999999997780e-02 1.642946994932945870e+01
1.142857142857142821e-01 1.672095382613811410e+01
1.428571428571428492e-01 1.728094932726169830e+01
1.785714285714285754e-01 1.798772934291815062e+01
2.142857142857142461e-01 1.843451449324098945e+01
2.857142857142856984e-01 1.925974587961322015e+01
3.571428571428571508e-01 1.985706678535895975e+01
4.285714285714284921e-01 2.047811243695770500e+01
5.714285714285713969e-01 2.114531329813311444e+01
7.142857142857143016e-01 2.193196719069166178e+01
1.000000000000000000e+00 2.274210744575212573e+01
