0.000000000000000000e+00 0.000000000000000000e+00
2.701377582068249072e+00 3.717957794127007887e+00
4.052066373102373831e+00 4.828523108938811426e+00
6.753443955170623347e+00 6.887012386601591096e+00
9.454821537238874640e+00 8.518838494825430985e+00
1.350688791034124669e+01 1.014560043093709751e+01
1.890964307447774928e+01 1.148720440704120449e+01
2.431239823861424298e+01 1.253006267938360274e+01
2.701377582068249339e+01 1.292512749649296211e+01
3.376721977585311407e+01 1.366053693970446403e+01
4.052066373102374541e+01 1.409873023815448079e+01
5.402755164136498678e+01 1.498159226250284171e+01
6.753443955170622814e+01 1.542303460396951564e+01
8.104132746204749083e+01 1.581267002732150218e+01
9.454821537238871088e+01 1.620216265322495630e+01
1.080551032827299736e+02 1.648961375161167808e+01
1.350688791034124563e+02 1.704186152480589556e+01
1.688360988792655633e+02 1.773886299892722818e+01
2.026033186551186986e+02 1.817946672496962890e+01
2.701377582068249126e+02 1.899328075486746314e+01
3.376721977585311265e+02 1.958233752303539177e+01
4.052066373102373973e+02 2.019479079714066216e+01
5.402755164136498252e+02 2.085276070782405000e+01
6.753443955170622530e+02 2.162853097663581536e+01
9.454821537238872224e+02 2.242746266614844686e+01
