0 0
0.0419851900032486 0.000227651641564478
0.0822429951150991 0.00046668586520718
0.120483927807377 0.000717671800032017
0.156412230508343 0.000981207031598095
0.189729854083696 0.00125791902474248
0.220141229327245 0.00154846661754408
0.247358861800623 0.00185354158998576
0.271109757439831 0.00217387031104953
0.291142650717705 0.00251021546816648
0.307235967230812 0.00286337788313928
0.319206397579827 0.00323419841886073
0.326917900392223 0.00362355998136824
0.330290877880976 0.00403238962200113
0.329311192234756 0.00446166074466567
0.324038604411901 0.00491239542346343
0.314614138198448 0.00538566683620108
0.301265792647968 0.00588260181957561
0.284311970255691 0.00640438355211887
0.264161950874469 0.00695225437128929
0.241312751367359 0.00752751873141823
0.216341766901193 0.00813154630955362
0.189894719025838 0.00876577526659578
0.162668639697171 0.00943171567149005
0.135389914494932 0.010130953096629
0.10878779125347 0.010865152393025
0.0835642197454625 0.0116360616542407
0.0603614088326227 0.0124455163785172
0.0397290142910966 0.0132954438390075
0.0220933622221523 0.0141878676725224
0.00773147019951698 0.015124912697713
-0.00324721829934744 0.0161088099741631
-0.0109086338552394 0.0171419021144358
-0.015489211982478 0.018226648861722
-0.0173771351605349 0.0193656329463726
-0.0170798761156601 0.0205615662352557
-0.0151799644704243 0.021817296188583
-0.0122827610228226 0.0231358126395766
-0.00896171849942649 0.0245202549131199
-0.00570776792148431 0.0259739193003404
-0.00288972071463118 0.0275002669069219
-0.00073161765256431 0.0291029318938325
0.000689312213331943 0.0307857301300886
0.00142380240606388 0.0325526682781575
0.00161447062156155 0.0344079533336298
0.00144979967756699 0.0363560026418758
0.00111775425216051 0.0384014544155341
0.000768683787001894 0.0405491787778752
0.000494654858521946 0.0428042893583335
0.000327711457284266 0.0451721554678146
0.000254085797676074 0.0476584148827698
0.000236933750283994 0.0502689872684728
0.000238471062469426 0.0530100882734609
0.000234187300988229 0.0558882443286985
0.000216334551487102 0.0589103081866979
0.000188962607431114 0.0620834752375973
0.000159893908970213 0.0654153006410416
0.000134779288613776 0.0689137173146582
0.000115417423925395 0.0725870548219555
0.000101179421246274 0.0764440592046178
9.09532934517797e-05 0.0804939138064132
8.39683009126373e-05 0.0847462611382983
7.9627887707066e-05 0.0892112258367777
7.72526492337077e-05 0.0938994387701811
7.61323280670438e-05 0.0988220623502546
7.56879402458468e-05 0.103990817109332
7.55443195926445e-05 0.109418009606363
7.5507447786191e-05 0.115116561728246
7.54998562847901e-05 0.121100041456222
7.54985143052433e-05 0.127382695170598
7.54983017930192e-05 0.133979481570692
7.54982773271732e-05 0.140906107290791
7.54982767588477e-05 0.148179064296895
7.54982770358905e-05 0.155815669153305
7.54982770696799e-05 0.163834104252534
7.54982770620471e-05 0.172253461106726
7.54982770651546e-05 0.181093785803626
7.54982770555306e-05 0.190376126735372
7.54982770622583e-05 0.200122584713705
7.54982770596638e-05 0.210356365590955
7.54982770658786e-05 0.221101835512067
7.54982770681111e-05 0.232384578929235
7.54982770649132e-05 0.244231459517261
7.54982770658786e-05 0.256670684134689
7.54982770583363e-05 0.269731869982988
7.5498277058095e-05 0.283446115123702
7.54982770666932e-05 0.297846072521451
7.54982770654563e-05 0.312966027789088
7.54982770637366e-05 0.328841980820107
7.54982770636763e-05 0.345511731502677
7.54982770634349e-05 0.363014969719375
7.54982770638875e-05 0.381393369846909
7.54982770632841e-05 0.400690689980819
7.54982770624393e-05 0.407524543541349
