0 0
0.0412960814348779 0.000227651641564478
0.0808283894543367 0.00046668586520718
0.118315429676411 0.000717671800032017
0.153471439692262 0.000981207031598095
0.186010491826006 0.00125791902474248
0.215651336575185 0.00154846661754408
0.242122998683955 0.00185354158998576
0.26517111031063 0.00217387031104953
0.284564930623611 0.00251021546816648
0.300104957921575 0.00286337788313928
0.311630988972779 0.00323419841886073
0.319030421262213 0.00362355998136824
0.322246528606036 0.00403238962200113
0.321286371577533 0.00446166074466567
0.316227935106368 0.00491239542346343
0.307226021653426 0.00538566683620108
0.294516376300499 0.00588260181957561
0.27841748825881 0.00640438355211887
0.259329511351598 0.00695225437128929
0.237729784437459 0.00752751873141823
0.21416452193244 0.00813154630955362
0.189236393641437 0.00876577526659578
0.163587928047916 0.00943171567149005
0.137880954896725 0.010130953096629
0.112772644687713 0.010865152393025
0.0888890881030849 0.0116360616542407
0.0667977592737956 0.0124455163785172
0.046980582542107 0.0132954438390075
0.029809620895822 0.0141878676725224
0.0155275653914661 0.015124912697713
0.0042351669965067 0.0161088099741631
-0.00411253797890786 0.0171419021144358
-0.00969993271013198 0.018226648861722
-0.012834035947478 0.0193656329463726
-0.0139178990956737 0.0205615662352557
-0.0134160677328739 0.021817296188583
-0.0118151681798884 0.0231358126395766
-0.00958361808111441 0.0245202549131199
-0.00713494638685003 0.0259739193003404
-0.0047990629058327 0.0275002669069219
-0.00280494681708438 0.0291029318938325
-0.00127666777273936 0.0307857301300886
-0.00024261607385197 0.0325526682781575
0.00034434227402707 0.0344079533336298
0.000579899282560987 0.0363560026418758
0.000579692311445829 0.0384014544155341
0.000454174738528321 0.0405491787778752
0.000290928926765342 0.0428042893583335
0.000146342279837755 0.0451721554678146
4.62061858352875e-05 0.0476584148827698
-7.21646864570513e-06 0.0502689872684728
-2.52054178696718e-05 0.0530100882734609
-2.31479149693029e-05 0.0558882443286985
-1.40273756926941e-05 0.0589103081866979
-5.61609202901176e-06 0.0620834752375973
-7.14570608161736e-07 0.0654153006410416
1.00511416552954e-06 0.0689137173146582
9.87559678195308e-07 0.0725870548219555
4.82866964859081e-07 0.0764440592046178
1.05365565342719e-07 0.0804939138064132
-3.62590848035834e-08 0.0847462611382983
-4.24742720276024e-08 0.0892112258367777
-1.63963006560413e-08 0.0938994387701811
-9.39269430272141e-10 0.0988220623502546
2.09069787217059e-09 0.103990817109332
9.46458788056366e-10 0.109418009606363
6.10517294047115e-11 0.115116561728246
-8.84877621303428e-11 0.121100041456222
-2.77990503686547e-11 0.127382695170598
2.34461948677338e-12 0.133979481570692
2.54917857515082e-12 0.140906107290791
1.28457455328027e-13 0.148179064296895
-1.43313698018191e-13 0.155815669153305
-1.21852802982894e-14 0.163834104252534
6.30394451297126e-15 0.172253461106726
3.09616143551893e-16 0.181093785803626
-2.1641044657322e-16 0.190376126735372
7.29522465887473e-18 0.200122584713705
4.10905138489895e-18 0.210356365590955
-5.56821060499056e-19 0.221101835512067
3.32462646980137e-21 0.232384578929235
6.05312233305936e-21 0.244231459517261
-7.59377502538563e-22 0.256670684134689
4.75643096200507e-23 0.269731869982988
-1.37687124345814e-24 0.283446115123702
-3.74743470222391e-26 0.297846072521451
6.87849450451435e-27 0.312966027789088
-4.44733507725446e-28 0.328841980820107
1.83681244514263e-29 0.345511731502677
-4.52031424651423e-31 0.363014969719375
6.64185565891708e-36 0.381393369846909
5.29024836721873e-34 0.400690689980819
2.86379954958057e-34 0.407524543541349
