0 0
0.000648176491780296 0.000227651641564478
0.00397695375026252 0.00046668586520718
0.0101325875842012 0.000717671800032017
0.0192427834975329 0.000981207031598095
0.0314117272830419 0.00125791902474248
0.0467147655908654 0.00154846661754408
0.0651928137519362 0.00185354158998576
0.0868466285465028 0.00217387031104953
0.111631097713502 0.00251021546816648
0.13944976873811 0.00286337788313928
0.170149858682207 0.00323419841886073
0.203518061680046 0.00362355998136824
0.239277486883233 0.00403238962200113
0.277086125167865 0.00446166074466567
0.316537240491601 0.00491239542346343
0.357162115312143 0.00538566683620108
0.398435535072791 0.00588260181957561
0.439784367184682 0.00640438355211887
0.480599475350008 0.00695225437128929
0.520251083861904 0.00752751873141823
0.558107497767189 0.00813154630955362
0.593556840917819 0.00876577526659578
0.626031170048775 0.00943171567149005
0.655031979836466 0.010130953096629
0.680155764705496 0.010865152393025
0.701117951438015 0.0116360616542407
0.717773249552714 0.0124455163785172
0.730130289228014 0.0132954438390075
0.738358439198249 0.0141878676725224
0.742784939528083 0.015124912697713
0.743881021409213 0.0161088099741631
0.742236534709275 0.0171419021144358
0.738523737309956 0.018226648861722
0.733452259836479 0.0193656329463726
0.727718687135626 0.0205615662352557
0.721955488595202 0.021817296188583
0.716684925691846 0.0231358126395766
0.712283778379509 0.0245202549131199
0.708964028956522 0.0259739193003404
0.706772903842025 0.0275002669069219
0.705612973284291 0.0291029318938325
0.705279689652981 0.0307857301300886
0.705510406133434 0.0325526682781575
0.706036359048042 0.0344079533336298
0.706628125005706 0.0363560026418758
0.707126250007803 0.0384014544155341
0.7074521321322 0.0405491787778752
0.707599165849668 0.0428042893583335
0.707609282499757 0.0451721554678146
0.707543674358613 0.0476584148827698
0.707457256365242 0.0502689872684728
0.707383854288008 0.0530100882734609
0.707334142768257 0.0558882443286985
0.707303116329007 0.0589103081866979
0.707280757299817 0.0620834752375973
0.707259927266814 0.0654153006410416
0.707238778720045 0.0689137173146582
0.707218866484253 0.0725870548219555
0.707202163819885 0.0764440592046178
0.707189460144889 0.0804939138064132
0.707180463059754 0.0847462611382983
0.707174490596968 0.0892112258367777
0.707170843398301 0.0938994387701811
0.707168852110427 0.0988220623502546
0.707167905575928 0.103990817109332
0.7071675232467 0.109418009606363
0.707167394863551 0.115116561728246
0.707167359519705 0.121100041456222
0.707167351527442 0.127382695170598
0.707167350017995 0.133979481570692
0.707167349778267 0.140906107290791
0.707167349747682 0.148179064296895
0.707167349744895 0.155815669153305
0.707167349744761 0.163834104252534
0.70716734974475 0.172253461106726
0.70716734974476 0.181093785803626
0.707167349744754 0.190376126735372
0.707167349744755 0.200122584713705
0.707167349744755 0.210356365590955
0.707167349744753 0.221101835512067
0.707167349744761 0.232384578929235
0.707167349744755 0.244231459517261
0.707167349744758 0.256670684134689
0.707167349744756 0.269731869982988
0.707167349744751 0.283446115123702
0.707167349744756 0.297846072521451
0.707167349744758 0.312966027789088
0.707167349744756 0.328841980820107
0.707167349744756 0.345511731502677
0.707167349744756 0.363014969719375
0.707167349744756 0.381393369846909
0.707167349744756 0.400690689980819
0.707167349744755 0.407524543541349
