0 0
0.00127791532049936 0.000227651641564478
0.00520904014926722 0.00046668586520718
0.0119273859596978 0.000717671800032017
0.0215472767835792 0.000981207031598095
0.034158552569929 0.00125791902474248
0.0498214988656058 0.00154846661754408
0.0685616049580004 0.00185354158998576
0.0903642865376647 0.00217387031104953
0.115169746250106 0.00251021546816648
0.142868185065774 0.00286337788313928
0.173295617444988 0.00323419841886073
0.206230581323246 0.00362355998136824
0.24139206668847 0.00403238962200113
0.27843900979904 0.00446166074466567
0.316971708896579 0.00491239542346343
0.356535505892865 0.00538566683620108
0.396627040823465 0.00588260181957561
0.436703315769509 0.00640438355211887
0.476193697088537 0.00695225437128929
0.514514835454357 0.00752751873141823
0.55108829148677 0.00813154630955362
0.585360423908993 0.00876577526659578
0.616823836013802 0.00943171567149005
0.645039400390949 0.010130953096629
0.669657614709116 0.010865152393025
0.69043781398494 0.0116360616542407
0.707263615012602 0.0124455163785172
0.720152938196254 0.0132954438390075
0.729261081852027 0.0141878676725224
0.734875647461553 0.015124912697713
0.737402648547932 0.0161088099741631
0.73734387240307 0.0171419021144358
0.735266460123544 0.018226648861722
0.731766643662467 0.0193656329463726
0.727430506510063 0.0205615662352557
0.722795364037308 0.021817296188583
0.718315726216271 0.0231358126395766
0.714337664366287 0.0245202549131199
0.71108466702731 0.0259739193003404
0.708656746187662 0.0275002669069219
0.707042776487619 0.0291029318938325
0.70614407941767 0.0307857301300886
0.705805466445116 0.0325526682781575
0.705848728616628 0.0344079533336298
0.706103240530752 0.0363560026418758
0.706429095818925 0.0384014544155341
0.706729914718786 0.0405491787778752
0.706954789680454 0.0428042893583335
0.707091182008492 0.0451721554678146
0.707152321764128 0.0476584148827698
0.707163322320622 0.0502689872684728
0.707149665088486 0.0530100882734609
0.707130211341026 0.0558882443286985
0.707115046221689 0.0589103081866979
0.707106929404377 0.0620834752375973
0.707104398131898 0.0654153006410416
0.707104736722219 0.0689137173146582
0.707105799690789 0.0725870548219555
0.707106562629133 0.0764440592046178
0.707106857790513 0.0804939138064132
0.707106877602215 0.0847462611382983
0.707106823123846 0.0892112258367777
0.707106786282251 0.0938994387701811
0.707106776662774 0.0988220623502546
0.707106778414508 0.103990817109332
0.707106780731176 0.109418009606363
0.70710678137813 0.115116561728246
0.707106781293699 0.121100041456222
0.707106781193572 0.127382695170598
0.707106781178402 0.133979481570692
0.70710678118473 0.140906107290791
0.707106781186902 0.148179064296895
0.707106781186683 0.155815669153305
0.707106781186534 0.163834104252534
0.707106781186541 0.172253461106726
0.707106781186548 0.181093785803626
0.707106781186548 0.190376126735372
0.707106781186548 0.200122584713705
0.707106781186548 0.210356365590955
0.707106781186548 0.221101835512067
0.707106781186548 0.232384578929235
0.707106781186548 0.244231459517261
0.707106781186548 0.256670684134689
0.707106781186548 0.269731869982988
0.707106781186548 0.283446115123702
0.707106781186548 0.297846072521451
0.707106781186548 0.312966027789088
0.707106781186548 0.328841980820107
0.707106781186548 0.345511731502677
0.707106781186548 0.363014969719375
0.707106781186548 0.381393369846909
0.707106781186548 0.400690689980819
0.707106781186548 0.407524543541349
