0 0
0.0597315626115431 0.000227651641564478
0.119465915398975 0.00046668586520718
0.178928155629197 0.000717671800032017
0.2378176829261 0.000981207031598095
0.295809289114264 0.00125791902474248
0.35255504274507 0.00154846661754408
0.407687090294287 0.00185354158998576
0.460821500247561 0.00217387031104953
0.511563258174292 0.00251021546816648
0.559512508831963 0.00286337788313928
0.60427210223946 0.00323419841886073
0.645456463803353 0.00362355998136824
0.682701740696879 0.00403238962200113
0.715677107578553 0.00446166074466567
0.744097013579308 0.00491239542346343
0.767734049157618 0.00538566683620108
0.786431981608579 0.00588260181957561
0.8001183810342 0.00640438355211887
0.808816121885752 0.00695225437128929
0.812652926276093 0.00752751873141823
0.811868018669327 0.00813154630955362
0.806814910190421 0.00876577526659578
0.797959349009836 0.00943171567149005
0.785871573321725 0.010130953096629
0.771212224713937 0.010865152393025
0.754711612971015 0.0116360616542407
0.73714250691428 0.0124455163785172
0.719287215946621 0.0132954438390075
0.701900431482137 0.0141878676725224
0.685670027184367 0.015124912697713
0.67117871646753 0.0161088099741631
0.658870006651343 0.0171419021144358
0.649022147122859 0.018226648861722
0.641733616174381 0.0193656329463726
0.636923006736065 0.0205615662352557
0.634344908979803 0.021817296188583
0.6336215779977 0.0231358126395766
0.634287981941336 0.0245202549131199
0.635845548116872 0.0259739193003404
0.637817986830762 0.0275002669069219
0.63980146918771 0.0291029318938325
0.641501614097679 0.0307857301300886
0.642751473602602 0.0325526682781575
0.64350793422499 0.0344079533336298
0.643828179579439 0.0363560026418758
0.643832159523977 0.0384014544155341
0.643660191352947 0.0405491787778752
0.643435765498654 0.0428042893583335
0.643241746086038 0.0451721554678146
0.643113763950707 0.0476584148827698
0.643049029608061 0.0502689872684728
0.643024069759694 0.0530100882734609
0.643012913405024 0.0558882443286985
0.642998856994569 0.0589103081866979
0.64297724877269 0.0620834752375973
0.642951456292004 0.0654153006410416
0.642926792574916 0.0689137173146582
0.642906533936327 0.0725870548219555
0.64289129143481 0.0764440592046178
0.64288032611265 0.0804939138064132
0.642872776109714 0.0847462611382983
0.642867960579675 0.0892112258367777
0.642865216386371 0.0938994387701811
0.64286385534523 0.0988220623502546
0.642863281425638 0.103990817109332
0.64286308116192 0.109418009606363
0.642863024719749 0.115116561728246
0.6428630119171 0.121100041456222
0.642863009498608 0.127382695170598
0.642863009101642 0.133979481570692
0.642863009048829 0.140906107290791
0.642863009044755 0.148179064296895
0.642863009044822 0.155815669153305
0.64286300904487 0.163834104252534
0.642863009044864 0.172253461106726
0.642863009044868 0.181093785803626
0.642863009044859 0.190376126735372
0.642863009044865 0.200122584713705
0.642863009044863 0.210356365590955
0.642863009044868 0.221101835512067
0.642863009044871 0.232384578929235
0.642863009044867 0.244231459517261
0.642863009044868 0.256670684134689
0.642863009044861 0.269731869982988
0.642863009044861 0.283446115123702
0.642863009044869 0.297846072521451
0.642863009044868 0.312966027789088
0.642863009044866 0.328841980820107
0.642863009044866 0.345511731502677
0.642863009044866 0.363014969719375
0.642863009044867 0.381393369846909
0.642863009044866 0.400690689980819
0.642863009044865 0.407524543541349
