0 0
0.0596793937585673 0.000227651641564478
0.119517644740364 0.00046668586520718
0.179250671246078 0.000717671800032017
0.2385886682333 0.000981207031598095
0.297217112853957 0.00125791902474248
0.354798543794117 0.00154846661754408
0.410975233459293 0.00185354158998576
0.465372867088489 0.00217387031104953
0.517605330513775 0.00251021546816648
0.567280686693872 0.00286337788313928
0.614008388506032 0.00323419841886073
0.65740772988187 0.00362355998136824
0.697117477870775 0.00403238962200113
0.732806553889628 0.00446166074466567
0.764185543525243 0.00491239542346343
0.791018712429071 0.00538566683620108
0.813136094528609 0.00588260181957561
0.83044510366697 0.00640438355211887
0.842941009165554 0.00695225437128929
0.850715520785843 0.00752751873141823
0.853962662982776 0.00813154630955362
0.852981098291288 0.00876577526659578
0.848172102499678 0.00943171567149005
0.84003251679885 0.010130953096629
0.829142218291161 0.010865152393025
0.8161459679273 0.0116360616542407
0.801729912113736 0.0124455163785172
0.78659351519549 0.0132954438390075
0.771418252012098 0.0141878676725224
0.756834941028799 0.015124912697713
0.743392079153306 0.0161088099741631
0.731527865417523 0.0171419021144358
0.721548683730769 0.018226648861722
0.713616575965559 0.0193656329463726
0.70774762484922 0.0205615662352557
0.703822179095762 0.021817296188583
0.701606555134553 0.0231358126395766
0.700784381699371 0.0245202549131199
0.700994329080222 0.0259739193003404
0.701869846339552 0.0275002669069219
0.703075982657163 0.0291029318938325
0.704338598538817 0.0307857301300886
0.705462355503025 0.0325526682781575
0.706335702130656 0.0344079533336298
0.706923341960961 0.0363560026418758
0.707248904547775 0.0384014544155341
0.7073722147937 0.0405491787778752
0.707366225314372 0.0428042893583335
0.707298141245387 0.0451721554678146
0.707217667178802 0.0476584148827698
0.707153116692791 0.0502689872684728
0.70711401924469 0.0530100882734609
0.707097475245736 0.0558882443286985
0.707095208516739 0.0589103081866979
0.707098987050862 0.0620834752375973
0.707103387576453 0.0654153006410416
0.707106158168303 0.0689137173146582
0.70710719631108 0.0725870548219555
0.707107245506144 0.0764440592046178
0.707107006799924 0.0804939138064132
0.707106826324125 0.0847462611382983
0.707106763056154 0.0892112258367777
0.70710676309438 0.0938994387701811
0.707106775334446 0.0988220623502546
0.707106781371201 0.103990817109332
0.707106782069671 0.109418009606363
0.70710678146447 0.115116561728246
0.707106781168559 0.121100041456222
0.707106781154258 0.127382695170598
0.707106781181718 0.133979481570692
0.707106781188335 0.140906107290791
0.707106781187084 0.148179064296895
0.70710678118648 0.155815669153305
0.707106781186517 0.163834104252534
0.70710678118655 0.172253461106726
0.707106781186548 0.181093785803626
0.707106781186547 0.190376126735372
0.707106781186547 0.200122584713705
0.707106781186547 0.210356365590955
0.707106781186547 0.221101835512067
0.707106781186547 0.232384578929235
0.707106781186547 0.244231459517261
0.707106781186547 0.256670684134689
0.707106781186547 0.269731869982988
0.707106781186547 0.283446115123702
0.707106781186547 0.297846072521451
0.707106781186547 0.312966027789088
0.707106781186547 0.328841980820107
0.707106781186547 0.345511731502677
0.707106781186547 0.363014969719375
0.707106781186547 0.381393369846909
0.707106781186547 0.400690689980819
0.707106781186547 0.407524543541349
