0 0
0.0428936493750405 0.000227651641564478
0.0878504459857433 0.00046668586520718
0.13478772207255 0.000717671800032017
0.183590302428666 0.000981207031598095
0.234107461026521 0.00125791902474248
0.28615016371409 0.00154846661754408
0.339488761015847 0.00185354158998576
0.393851307992805 0.00217387031104953
0.448922723634188 0.00251021546816648
0.504345009734232 0.00286337788313928
0.559718775199989 0.00323419841886073
0.614606303789773 0.00362355998136824
0.668536406735874 0.00403238962200113
0.721011264214175 0.00446166074466567
0.771515423614498 0.00491239542346343
0.819527039197528 0.00538566683620108
0.864531344827759 0.00588260181957561
0.906036209068531 0.00640438355211887
0.943589462045257 0.00695225437128929
0.976797482534763 0.00752751873141823
1.0053443176534 0.00813154630955362
1.02901037771705 0.00876577526659578
1.04768952576103 0.00943171567149005
1.06140319755658 0.010130953096629
1.07031005931758 0.010865152393025
1.07470969802938 0.0116360616542407
1.07503895250973 0.0124455163785172
1.07185980189699 0.0132954438390075
1.06583822528269 0.0141878676725224
1.05771416842197 0.015124912697713
1.04826365485988 0.0161088099741631
1.03825511372341 0.0171419021144358
1.02840305277219 0.018226648861722
1.01932313501483 0.0193656329463726
1.01149333112111 0.0205615662352557
1.00522592005624 0.021817296188583
1.00065451595066 0.0231358126395766
0.997738909349544 0.0245202549131199
0.996288355802624 0.0259739193003404
0.996001229937526 0.0275002669069219
0.996516099274475 0.0291029318938325
0.997466844292639 0.0307857301300886
0.998533114879715 0.0325526682781575
0.999477740490572 0.0344079533336298
1.00016496735293 0.0363560026418758
1.00055736046508 0.0384014544155341
1.0006940666899 0.0405491787778752
1.00065759477682 0.0428042893583335
1.0005388745011 0.0451721554678146
1.00041004901915 0.0476584148827698
1.0003110907118 0.0502689872684728
1.00025100519494 0.0530100882734609
1.00021916587681 0.0558882443286985
1.00019942960084 0.0589103081866979
1.00018034408632 0.0620834752375973
1.0001583886089 0.0654153006410416
1.00013555558018 0.0689137173146582
1.00011510878607 0.0725870548219555
1.00009887188915 0.0764440592046178
1.00008694418839 0.0804939138064132
1.00007864394723 0.0847462611382983
1.00007322774882 0.0892112258367777
1.00007001339976 0.0938994387701811
1.00006832969375 0.0988220623502546
1.00006757044621 0.103990817109332
1.00006728283355 0.109418009606363
1.00006719336054 0.115116561728246
1.00006717074981 0.121100041456222
1.00006716605132 0.127382695170598
1.00006716522561 0.133979481570692
1.00006716510388 0.140906107290791
1.00006716509046 0.148179064296895
1.00006716508965 0.155815669153305
1.00006716508966 0.163834104252534
1.00006716508966 0.172253461106726
1.00006716508966 0.181093785803626
1.00006716508965 0.190376126735372
1.00006716508966 0.200122584713705
1.00006716508966 0.210356365590955
1.00006716508966 0.221101835512067
1.00006716508966 0.232384578929235
1.00006716508966 0.244231459517261
1.00006716508966 0.256670684134689
1.00006716508966 0.269731869982988
1.00006716508965 0.283446115123702
1.00006716508966 0.297846072521451
1.00006716508966 0.312966027789088
1.00006716508966 0.328841980820107
1.00006716508966 0.345511731502677
1.00006716508966 0.363014969719375
1.00006716508966 0.381393369846909
1.00006716508966 0.400690689980819
1.00006716508966 0.407524543541349
