0 0
0.0431033266126925 0.000227651641564478
0.0881950846803763 0.00046668586520718
0.135183300664274 0.000717671800032017
0.183943890751806 0.000981207031598095
0.234317980141435 0.00125791902474248
0.28610957596868 0.00154846661754408
0.339083750273626 0.00185354158998576
0.392965509886364 0.00217387031104953
0.447439547745579 0.00251021546816648
0.502151082873222 0.00286337788313928
0.5567080014633 0.00323419841886073
0.610684506345635 0.00362355998136824
0.663626463166141 0.00403238962200113
0.71505859552907 0.00446166074466567
0.764493624716486 0.00491239542346343
0.811443369554669 0.00538566683620108
0.855431716636951 0.00588260181957561
0.89600924015335 0.00640438355211887
0.932769096090792 0.00695225437128929
0.965363642779172 0.00752751873141823
0.993521057818047 0.00813154630955362
1.01706104401 0.00876577526659578
1.03590856253363 0.00943171567149005
1.05010442319461 0.010130953096629
1.05981152555576 0.010865152393025
1.06531560861582 0.0116360616542407
1.06701955579764 0.0124455163785172
1.06543063472208 0.0132954438390075
1.06114053336183 0.0141878676725224
1.0547986726893 0.015124912697713
1.04707999350283 0.0161088099741631
1.03864916650621 0.0171419021144358
1.03012386715464 0.018226648861722
1.02204027601222 0.0193656329463726
1.01482418889479 0.0205615662352557
1.00877093890909 0.021817296188583
1.00403667390104 0.0231358126395766
1.00064239497961 0.0245202549131199
0.998490633718728 0.0259739193003404
0.997392918619947 0.0275002669069219
0.997104536869635 0.0291029318938325
0.997361866329193 0.0307857301300886
0.997917046969899 0.0325526682781575
0.998565187267469 0.0344079533336298
0.999160678476743 0.0363560026418758
0.999621300473532 0.0384014544155341
0.999921205068617 0.0405491787778752
1.00007598047748 0.0428042893583335
1.00012428171067 0.0451721554678146
1.00011061028829 0.0476584148827698
1.00007274476999 0.0502689872684728
1.00003544157786 0.0530100882734609
1.00000998732726 0.0558882443286985
0.999997661149097 0.0589103081866979
0.999994593519635 0.0620834752375973
0.999995915281187 0.0654153006410416
0.999998113804984 0.0689137173146582
0.999999599515065 0.0725870548219555
1.00000017378011 0.0764440592046178
1.00000021369993 0.0804939138064132
1.00000010009326 0.0847462611382983
1.00000001683402 0.0892112258367777
0.999999990810112 0.0938994387701811
0.999999992663148 0.0988220623502546
0.999999998170441 0.103990817109332
1.00000000030247 0.109418009606363
1.00000000033199 0.115116561728246
1.00000000006305 0.121100041456222
0.999999999982134 0.127382695170598
0.999999999990825 0.133979481570692
0.999999999999979 0.140906107290791
1.00000000000063 0.148179064296895
1.00000000000005 0.155815669153305
0.999999999999969 0.163834104252534
0.999999999999998 0.172253461106726
1 0.181093785803626
1 0.190376126735372
1 0.200122584713705
1 0.210356365590955
1 0.221101835512067
1 0.232384578929235
1 0.244231459517261
1 0.256670684134689
1 0.269731869982988
1 0.283446115123702
1 0.297846072521451
1 0.312966027789088
1 0.328841980820107
1 0.345511731502677
1 0.363014969719375
1 0.381393369846909
1 0.400690689980819
1 0.407524543541349
