0 0.00278809527933484
5.07042253521127 0.00298583340726788
10.1408450704225 0.0031608485319084
15.2112676056338 0.0033118122143492
20.2816901408451 0.00343757190637453
25.3521126760563 0.00353717413595977
30.4225352112676 0.00360985727732656
35.4929577464789 0.00365507146415239
40.5633802816901 0.0036724694668858
45.6338028169014 0.00366192160346995
50.7042253521127 0.0036235058270447
55.7746478873239 0.00355751631725517
60.8450704225352 0.00346445410209585
65.9154929577465 0.00334503058981941
70.9859154929578 0.00320015314011581
76.056338028169 0.00303092306389712
81.1267605633803 0.00283862833317482
86.1971830985916 0.00262473216787688
91.2676056338028 0.00239086128510586
96.3380281690141 0.00213879771957684
101.408450704225 0.00187045891611636
106.478873239437 0.00158788739607618
111.549295774648 0.0012932340819691
116.619718309859 0.000988740641605164
121.69014084507 0.000676724821237359
126.760563380282 0.000359561201591434
131.830985915493 3.96629737321276e-05
136.901408450704 -0.000280534397437193
141.971830985916 -0.000598594443775187
147.042253521127 -0.000912096223709344
152.112676056338 -0.00121865392653205
157.183098591549 -0.00151593432766278
162.253521126761 -0.00180167521003731
167.323943661972 -0.0020737018078776
172.394366197183 -0.00232994371026821
177.464788732394 -0.00256845131919254
182.535211267606 -0.00278740848063857
187.605633802817 -0.00298514959556769
192.676056338028 -0.00316016890618935
197.746478873239 -0.00331113504291915
202.816901408451 -0.00343689927875141
207.887323943662 -0.00353650338214147
212.957746478873 -0.00360919172300065
218.028169014085 -0.00365440748966334
223.098591549296 -0.00367181074228526
228.169014084507 -0.00366126490161618
233.239436619718 -0.0036228540405969
238.30985915493 -0.00355686713129558
243.380281690141 -0.00346380909278551
248.450704225352 -0.00334438645518187
253.521126760563 -0.00319950868736069
258.591549295775 -0.00303027931724051
263.661971830986 -0.0028379836891159
268.732394366197 -0.00262408889451783
273.802816901408 -0.0023902188751673
278.87323943662 -0.00213815741516501
283.943661971831 -0.00186981946358753
289.014084507042 -0.00158725012103931
294.084507042254 -0.0012925977276575
299.154929577465 -0.000988106217870663
304.225352112676 -0.000676092266397215
309.295774647887 -0.000358930401566734
314.366197183099 -3.90351321350707e-05
319.43661971831 0.000281160076176525
324.507042253521 0.000599217155616593
329.577464788732 0.000912716357795416
334.647887323944 0.00121927129016302
339.718309859155 0.00151654905250151
344.788732394366 0.00180228724429213
349.859154929578 0.00207431102323313
354.929577464789 0.00233055047782281
360 0.00256905552715712
