0 0.00263916409133774
5.07042253521127 0.0028620861711169
10.1408450704225 0.00306260854604722
15.2112676056338 0.00323916185666658
20.2816901408451 0.00339036433393957
25.3521126760563 0.00351503261347362
30.4225352112676 0.00361219099694989
35.4929577464789 0.00368107908828546
40.5633802816901 0.00372115774476371
45.6338028169014 0.00373211329655704
50.7042253521127 0.00371386000161859
55.7746478873239 0.00366654071672998
60.8450704225352 0.00359052577945333
65.9154929577465 0.00348641010973768
70.9859154929578 0.0033550085538638
76.056338028169 0.00319734950716721
81.1267605633803 0.00301466686545036
86.1971830985916 0.00280839036807496
91.2676056338028 0.00258013440831299
96.3380281690141 0.00233168539853044
101.408450704225 0.00206498778908848
106.478873239437 0.00178212885038299
111.549295774648 0.00148532233712365
116.619718309859 0.00117689116270187
121.69014084507 0.000859249219243926
126.760563380282 0.000534882485632254
131.830985915493 0.000206329571350031
136.901408450704 -0.000123838151579977
141.971830985916 -0.000453036673067901
147.042253521127 -0.000778689568339246
152.112676056338 -0.001098248161952
157.183098591549 -0.00140921147463758
162.253521126761 -0.0017091457968546
167.323943661972 -0.00199570373586571
172.394366197183 -0.00226664258726854
177.464788732394 -0.00251984188719839
182.535211267606 -0.00275332000783301
187.605633802817 -0.00296524966631711
192.676056338028 -0.00315397222572818
197.746478873239 -0.00331801067615934
202.816901408451 -0.00345608119432442
207.887323943662 -0.00356710319121583
212.957746478873 -0.00365020776917873
218.028169014085 -0.0037047445222132
223.098591549296 -0.00373028662628308
228.169014084507 -0.00372663417979276
233.239436619718 -0.0036938157680882
238.30985915493 -0.00363208823973783
243.380281690141 -0.00354193469634427
248.450704225352 -0.00342406071161927
253.521126760563 -0.00327938880931276
258.591549295775 -0.00310905124321369
263.661971830986 -0.002914381135729
268.732394366197 -0.00269690204439326
273.802816901408 -0.0024583160379652
278.87323943662 -0.00220049037543199
283.943661971831 -0.00192544289217591
289.014084507042 -0.00163532620767659
294.084507042254 -0.00133241087834498
299.154929577465 -0.00101906762734089
304.225352112676 -0.000697748790449907
309.295774647887 -0.000370969123230871
314.366197183099 -4.12861196440301e-05
319.43661971831 0.000288720003806818
324.507042253521 0.000616466501766826
329.577464788732 0.000939388313514334
334.647887323944 0.00125495813803885
339.718309859155 0.00156070621359807
344.788732394366 0.00185423964695221
349.859154929578 0.0021332611409979
354.929577464789 0.00239558697423294
360 0.00263916409133774
