0.0047328125 0.00017776501640683
0.004753125 0.000268263570213943
0.004692025 0.00035553003281366
0.0046202 0.000484813681109536
0.0048894625 0.000581776417331443
0.005682625 0.000711060065627319
0.005682625 0.000904985538071134
0.00532025 0.00106659009844098
0.005183425 0.00126051557088479
0.005331625 0.00142212013125464
0.0052533 0.00161604560369845
0.005175625 0.00180997107614227
0.004767425 0.00213318019688196
0.0047425625 0.00284424026250928
0.004521725 0.0035553003281366
0.004330625 0.00426636039376392
0.003268525 0.00581776417331443
0.002535325 0.00711060065627319
0.00173225 0.00888825082034149
0.0012884625 0.0105042964240399
0.0008996 0.0121203420277384
0.0006911125 0.0137363876314368
0.0008242 0.0202005700462307
0.0007743125 0.0232710566932577
0.000828425 0.0265031479006546
0.0008061625 0.0329673303154484
0.0005695625 0.0394315127302423
0.0004369625 0.0471885316279948
