0.001310725 0.00017776501640683
0.00112645 0.000268263570213943
0.0013788125 0.00035553003281366
0.0013897 0.000484813681109536
0.001604525 0.000581776417331443
0.0017265625 0.000711060065627319
0.0018793125 0.000904985538071134
0.0017090125 0.00106659009844098
0.002605525 0.00126051557088479
0.00208585 0.00142212013125464
0.0022160125 0.00161604560369845
0.00255125 0.00180997107614227
0.0031780125 0.00213318019688196
0.00203125 0.00284424026250928
0.001616225 0.0035553003281366
0.0019994 0.00426636039376392
0.002640625 0.00581776417331443
0.00227565 0.00711060065627319
0.0021263125 0.00888825082034149
0.0020255625 0.0105042964240399
0.001897025 0.0121203420277384
0.003245125 0.0137363876314368
0.0030589 0.0202005700462307
0.0027625 0.0232710566932577
0.002571725 0.0265031479006546
0.0020405125 0.0329673303154484
0.001839825 0.0394315127302423
0.0018533125 0.0471885316279948
