0.0035790625 0.00017776501640683
0.0036700625 0.000268263570213943
0.0036973625 0.00035553003281366
0.0041172625 0.000484813681109536
0.00377585 0.000581776417331443
0.0041361125 0.000711060065627319
0.004196725 0.000904985538071134
0.004252625 0.00106659009844098
0.0043818125 0.00126051557088479
0.004434625 0.00142212013125464
0.00457925 0.00161604560369845
0.004408625 0.00180997107614227
0.0048777625 0.00213318019688196
0.0062993125 0.00284424026250928
0.006320925 0.0035553003281366
0.0057338125 0.00426636039376392
0.0055004625 0.00581776417331443
0.0052846625 0.00711060065627319
0.005871125 0.00888825082034149
0.0050968125 0.0105042964240399
0.004673825 0.0121203420277384
0.0045228625 0.0137363876314368
0.0034939125 0.0202005700462307
0.0031525 0.0232710566932577
0.002196025 0.0265031479006546
0.0018708625 0.0329673303154484
0.0015977 0.0394315127302423
0.0018078125 0.0471885316279948
