0.0031455125 0.00017776501640683
0.0027542125 0.000268263570213943
0.0028679625 0.00035553003281366
0.0028496 0.000484813681109536
0.0027711125 0.000581776417331443
0.0029056625 0.000711060065627319
0.0029056625 0.000904985538071134
0.002752425 0.00106659009844098
0.0025663625 0.00126051557088479
0.002458625 0.00142212013125464
0.002530125 0.00161604560369845
0.0026586625 0.00180997107614227
0.0020970625 0.00213318019688196
0.001587625 0.00284424026250928
0.00135265 0.0035553003281366
0.00127465 0.00426636039376392
0.001187225 0.00581776417331443
0.0011630125 0.00711060065627319
0.0012501125 0.00888825082034149
0.00155285 0.0105042964240399
0.00157625 0.0121203420277384
0.001652625 0.0137363876314368
0.0016583125 0.0202005700462307
0.001815125 0.0232710566932577
0.0015400125 0.0265031479006546
0.0014625 0.0329673303154484
0.001143025 0.0394315127302423
0.0009751625 0.0471885316279948
