0.0003355 0.00017776501640683
0.000251 0.000268263570213943
0.0004305 0.00035553003281366
0.000415 0.000484813681109536
0.00033425 0.000581776417331443
0.00059375 0.000711060065627319
0.00051025 0.000904985538071134
0.000663 0.00106659009844098
0.00054075 0.00126051557088479
0.0007285 0.00142212013125464
0.000736 0.00161604560369845
0.0007305 0.00180997107614227
0.00083975 0.00213318019688196
0.0008315 0.00284424026250928
0.00098275 0.00349065850398866
0.00108325 0.00426636039376392
0.0010065 0.00581776417331443
0.00103375 0.00711060065627319
0.001233 0.00888825082034149
0.00099025 0.0105042964240399
0.00094 0.0121203420277384
0.0010425 0.0137363876314368
0.0009025 0.0202005700462307
0.00085225 0.0232710566932577
0.00046275 0.0265031479006546
0.00035275 0.0329673303154484
0.00022 0.0394315127302423
8.75e-05 0.0471885316279948
