0.000698 0.00017776501640683
0.0007235 0.000268263570213943
0.00068275 0.00035553003281366
0.00074425 0.000484813681109536
0.00077275 0.000581776417331443
0.00127 0.000711060065627319
0.001197 0.000904985538071134
0.00126325 0.00106659009844098
0.0011315 0.00126051557088479
0.00123725 0.00142212013125464
0.00132 0.00161604560369845
0.00120875 0.00180997107614227
0.00126175 0.00213318019688196
0.0013325 0.00284424026250928
0.0012705 0.00349065850398866
0.001154 0.00426636039376392
0.00087875 0.00581776417331443
0.00069025 0.00711060065627319
0.00040125 0.00888825082034149
0.00027125 0.0105042964240399
4.525e-05 0.0121203420277384
-4.2e-05 0.0137363876314368
-0.000221 0.0202005700462307
-0.000238 0.0232710566932577
-0.00022325 0.0265031479006546
-0.00018525 0.0329673303154484
-0.0001015 0.0394315127302423
1.05e-05 0.0471885316279948
