0.0001165 0.00017776501640683
-3.85e-05 0.000268263570213943
4.3e-05 0.00035553003281366
-4.875e-05 0.000484813681109536
3.675e-05 0.000581776417331443
4.5e-06 0.000711060065627319
-6.775e-05 0.000904985538071134
-0.00010625 0.00106659009844098
-0.00010325 0.00126051557088479
-0.000119 0.00142212013125464
-8.7e-05 0.00161604560369845
-0.00021825 0.00180997107614227
-0.0002865 0.00213318019688196
-0.0003805 0.00284424026250928
-0.00023775 0.00349065850398866
-0.00041125 0.00426636039376392
-2.875e-05 0.00581776417331443
-0.00054075 0.00711060065627319
-0.00053275 0.00888825082034149
-0.00053225 0.0105042964240399
-0.00011575 0.0121203420277384
-0.00082925 0.0137363876314368
-0.000421 0.0202005700462307
-0.00042825 0.0232710566932577
-0.00058675 0.0265031479006546
-0.000266 0.0329673303154484
-5.8e-05 0.0394315127302423
0.00031575 0.0471885316279948
