0.0004465 0.00017776501640683
0.00035625 0.000268263570213943
0.000436 0.00035553003281366
0.000541 0.000484813681109536
0.0004205 0.000581776417331443
0.00049275 0.000711060065627319
0.00055875 0.000904985538071134
0.000685 0.00106659009844098
0.00058625 0.00126051557088479
0.00055525 0.00142212013125464
0.00059925 0.00161604560369845
0.0005815 0.00180997107614227
0.0005275 0.00213318019688196
0.00036125 0.00284424026250928
0.00016525 0.00349065850398866
0.00012975 0.00426636039376392
7.5e-07 0.00581776417331443
-0.00012625 0.00711060065627319
-0.00015725 0.00888825082034149
-0.00027675 0.0105042964240399
-0.0002625 0.0121203420277384
-0.00035475 0.0137363876314368
-0.00032225 0.0202005700462307
-0.00049 0.0232710566932577
-0.000343 0.0265031479006546
-0.000304 0.0329673303154484
-0.000126 0.0394315127302423
-7e-05 0.0471885316279948
