0.174 0.000103426918636701
0.2585 0.000171300833992036
0.2775 0.000180997107614227
0.313 0.000203621746066005
0.3155 0.000245638931762165
0.3355 0.000303816573495309
0.3285 0.000307048664702706
0.36 0.00040724349213201
0.368 0.000426636039376392
0.3795 0.000549455505257474
0.3825 0.00067873915355335
0.396 0.000808022801849226
0.4005 0.000969627362219072
0.4145 0.00116355283466289
0.434 0.00138979921918067
0.455 0.00171300833992036
0.461 0.00200389654858608
0.4735 0.00232710566932577
0.477 0.00261799387799149
0.505 0.00323209120739691
0.523 0.00446028586620773
0.565 0.00627025694235
0.5735 0.00717524248042113
0.6345 0.0117001701707768
0.634 0.0149322613781737
0.679 0.0181643525855706
0.686 0.0213964437929675
0.72 0.0246285350003644
0.7015 0.0278606262077613
0.692 0.0310927174151582
0.696 0.0343248086225551
0.7005 0.037556899829952
0.698 0.040788991037349
0.698 0.0440210822447459
0.686 0.0472531734521428
