0.337 0.000103426918636701
0.449 0.000171300833992036
0.4185 0.000180997107614227
0.495 0.000203621746066005
0.5095 0.000245638931762165
0.5335 0.000303816573495309
0.5205 0.000307048664702706
0.556 0.00040724349213201
0.553 0.000426636039376392
0.575 0.000549455505257474
0.6035 0.00067873915355335
0.6195 0.000808022801849226
0.632 0.000969627362219072
0.661 0.00116355283466289
0.6825 0.00138979921918067
0.7045 0.00171300833992036
0.726 0.00200389654858608
0.739 0.00232710566932577
0.761 0.00261799387799149
0.7745 0.00323209120739691
0.8035 0.00446028586620773
0.8145 0.00627025694235
0.817 0.00717524248042113
0.805 0.0117001701707768
0.8075 0.0149322613781737
0.7975 0.0181643525855706
0.789 0.0213964437929675
0.754 0.0246285350003644
0.7635 0.0278606262077613
0.775 0.0310927174151582
0.767 0.0343248086225551
0.7545 0.037556899829952
0.7535 0.040788991037349
0.761 0.0440210822447459
0.7815 0.0472531734521428
