0.4515 0.000103426918636701
0.5145 0.000171300833992036
0.483 0.000180997107614227
0.565 0.000203621746066005
0.5795 0.000245638931762165
0.6065 0.000303816573495309
0.584 0.000307048664702706
0.63 0.00040724349213201
0.64 0.000426636039376392
0.663 0.000549455505257474
0.687 0.00067873915355335
0.706 0.000808022801849226
0.7165 0.000969627362219072
0.74 0.00116355283466289
0.77 0.00138979921918067
0.799 0.00171300833992036
0.814 0.00200389654858608
0.8325 0.00232710566932577
0.8465 0.00261799387799149
0.877 0.00323209120739691
0.9195 0.00446028586620773
0.981 0.00627025694235
1.001 0.00717524248042113
1.063 0.0117001701707768
1.063 0.0149322613781737
1.07 0.0181643525855706
1.053 0.0213964437929675
1.041 0.0246285350003644
1.038 0.0278606262077613
1.036 0.0310927174151582
1.0185 0.0343248086225551
1.008 0.037556899829952
1.01 0.040788991037349
1.0165 0.0440210822447459
1.0415 0.0472531734521428
