0.103 0.000103426918636701
0.0825 0.000171300833992036
0.107 0.000180997107614227
0.119 0.000203621746066005
0.119 0.000245638931762165
0.121 0.000303816573495309
0.1295 0.000307048664702706
0.127 0.00040724349213201
0.1255 0.000426636039376392
0.1425 0.000549455505257474
0.1385 0.00067873915355335
0.136 0.000808022801849226
0.1415 0.000969627362219072
0.125 0.00116355283466289
0.1325 0.00138979921918067
0.129 0.00171300833992036
0.1325 0.00200389654858608
0.1325 0.00232710566932577
0.111 0.00261799387799149
0.1135 0.00323209120739691
0.117 0.00446028586620773
0.103 0.00627025694235
0.069 0.00717524248042113
0.075 0.0117001701707768
0.054 0.0149322613781737
0.05 0.0181643525855706
-0.006 0.0213964437929675
0.026 0.0246285350003644
0.014 0.0278606262077613
0.0185 0.0310927174151582
0.004 0.0343248086225551
0.012 0.037556899829952
0.007 0.040788991037349
0.0295 0.0440210822447459
0 0.0472531734521428
