0 0.00020925
0.9 0.00021225
1.8 0.00022375
2.6 0.0002415
3.5 0.00026025
4.4 0.0002755
5.3 0.00029225
6.2 0.00030425
7.1 0.00032225
8 0.0003185
8.9 0.00032425
9.8 0.00035825
10.6 0.00038825
11.5 0.0003935
12.4 0.00040425
13.3 0.000435
14.2 0.00043025
15.1 0.000471
16 0.00051
16.9 0.00049775
17.8 0.00055375
18.6 0.00053675
19.5 0.00057425
20.4 0.00060625
21.3 0.00066025
22.2 0.00070125
23.1 0.000737
24 0.0008135
24.9 0.0007615
25.8 0.000785
26.6 0.000832
27.5 0.0008515
28.4 0.000871
29.3 0.000887
30.2 0.00093925
31.1 0.000947
32 0.0009825
32.9 0.00098625
33.8 0.0009945
34.6 0.00104825
35.5 0.00105175
36.4 0.00101775
37.3 0.00106025
38.2 0.00108975
39.1 0.0011385
40 0.00106975
40.9 0.0011835
41.8 0.00116075
42.6 0.001121
43.5 0.00118825
44.4 0.00122825
45.3 0.001186
46.2 0.00120375
47.1 0.001332
48 0.00128025
48.9 0.001298
49.8 0.001309
50.6 0.001261
51.5 0.00124425
52.4 0.00123525
53.3 0.001359
54.2 0.0012965
55.1 0.00133725
56 0.001354
56.9 0.00129725
57.8 0.00132025
58.6 0.0013535
59.5 0.00147825
60.4 0.00136825
61.3 0.00136925
62.2 0.00141475
63.1 0.001327
64 0.00138575
64.9 0.001408
65.8 0.00143425
66.6 0.00138375
67.5 0.00145725
68.4 0.001445
69.3 0.0013935
70.2 0.00147525
71.1 0.001442
72 0.001465
72.9 0.00138875
73.8 0.001469
74.6 0.00138625
75.5 0.0015175
76.4 0.001444
77.3 0.00153875
78.2 0.001459
79.1 0.0013575
80 0.00141775
80.9 0.001431
81.8 0.00129175
82.6 0.0014585
83.5 0.00147225
84.4 0.0014565
85.3 0.00138425
86.2 0.00138725
87.1 0.0013995
88 0.0013985
88.9 0.0014375
89.8 0.0013415
90.6 0.00139225
91.5 0.0014115
92.4 0.00139475
93.3 0.001328
94.2 0.0013585
95.1 0.00139775
96 0.0013805
96.9 0.00142475
97.8 0.00131675
98.6 0.00135475
99.5 0.00136225
100.4 0.00127475
101.3 0.001261
102.2 0.00133975
103.1 0.00122375
104 0.001254
104.9 0.00125275
105.8 0.0011575
106.6 0.00129275
107.5 0.001204
108.4 0.00119975
109.3 0.00118325
110.2 0.00107625
111.1 0.001212
112 0.0011665
112.9 0.00108825
113.8 0.0010635
114.6 0.001082
115.5 0.0010865
116.4 0.0010465
117.3 0.001036
118.2 0.00102925
119.1 0.0010215
120 0.000958
120.9 0.00093275
121.8 0.001012
122.6 0.0009255
123.5 0.00093475
124.4 0.000852
125.3 0.0008685
126.2 0.000909
127.1 0.000879
128 0.000856
128.9 0.00077325
129.8 0.0007935
130.6 0.00077025
131.5 0.00074975
132.4 0.0007315
133.3 0.000687
134.2 0.0006855
135.1 0.00067625
136 0.0006855
136.9 0.00057825
137.8 0.000524
138.6 0.000548
139.5 0.00049625
140.4 0.00046475
141.3 0.00045125
142.2 0.000453
143.1 0.000428
144 0.000403
144.9 0.0003695
145.8 0.000386
146.6 0.0003405
147.5 0.00030575
148.4 0.0003005
149.3 0.00028575
150.2 0.00026925
151.1 0.00024325
152 0.00023
152.9 0.000217
153.8 0.00018975
154.6 0.00016825
155.5 0.0001345
156.4 0.00011975
157.3 0.000103
158.2 9.6e-05
159.1 8.825e-05
160 7.975e-05
160.9 9.475e-05
161.8 -8.075e-05
162.6 -8.175e-05
163.5 -8.25e-05
164.4 -7.825e-05
165.3 -8.1e-05
166.2 -8.7e-05
167.1 -9.225e-05
168 -9.425e-05
168.9 -0.0001085
169.8 -0.00011925
170.6 -0.00013125
171.5 -0.000149
172.4 -0.000163
173.3 -0.00017075
174.2 -0.00018175
175.1 -0.00019325
176 -0.00020825
176.9 -0.0002235
177.8 -0.00022675
178.6 -0.00023525
179.5 -0.00024425
180.4 -0.00025925
181.3 -0.00027225
182.2 -0.0002875
183.1 -0.00029875
184 -0.0003125
184.9 -0.00032875
185.8 -0.00032225
186.6 -0.00034925
187.5 -0.00038125
188.4 -0.0004035
189.3 -0.00044275
190.2 -0.00043825
191.1 -0.000419
192 -0.00042625
192.9 -0.00045825
193.8 -0.00047625
194.6 -0.0004805
195.5 -0.00051025
196.4 -0.00055025
197.3 -0.000572
198.2 -0.0005715
199.1 -0.00060475
200 -0.00063825
200.9 -0.00063225
201.8 -0.00069925
202.6 -0.00069125
203.5 -0.00076575
204.4 -0.00087275
205.3 -0.00080075
206.2 -0.00086025
207.1 -0.00088325
208 -0.0009265
208.9 -0.0009125
209.8 -0.00088025
210.6 -0.0009165
211.5 -0.0009695
212.4 -0.00101175
213.3 -0.0009695
214.2 -0.00099025
215.1 -0.00104525
216 -0.0010605
216.9 -0.00102175
217.8 -0.00108325
218.6 -0.00108
219.5 -0.00104675
220.4 -0.0011105
221.3 -0.0011415
222.2 -0.00120875
223.1 -0.0011845
224 -0.001121
224.9 -0.0011695
225.8 -0.00120525
226.6 -0.00115475
227.5 -0.00127075
228.4 -0.0012525
229.3 -0.0012645
230.2 -0.00119825
231.1 -0.00120225
232 -0.001272
232.9 -0.00127925
233.8 -0.00127525
234.6 -0.00136575
235.5 -0.001339
236.4 -0.0013445
237.3 -0.0013045
238.2 -0.00139075
239.1 -0.00140425
240 -0.00144325
240.9 -0.00136975
241.8 -0.001369
242.6 -0.00144825
243.5 -0.0013965
244.4 -0.001418
245.3 -0.001381
246.2 -0.00131875
247.1 -0.0013635
248 -0.00141025
248.9 -0.00143725
249.8 -0.0014275
250.6 -0.0014485
251.5 -0.00144075
252.4 -0.00153725
253.3 -0.00148125
254.2 -0.00147375
255.1 -0.00145
256 -0.001459
256.9 -0.00150925
257.8 -0.00149325
258.6 -0.0014165
259.5 -0.00148725
260.4 -0.001472
261.3 -0.00153875
262.2 -0.001476
263.1 -0.00153675
264 -0.001505
264.9 -0.0014385
265.8 -0.00151625
266.6 -0.001511
267.5 -0.0014675
268.4 -0.00136975
269.3 -0.00145475
270.2 -0.0014395
271.1 -0.0014345
272 -0.0014795
272.9 -0.00148375
273.8 -0.00141025
274.6 -0.00141225
275.5 -0.00133075
276.4 -0.001377
277.3 -0.00140225
278.2 -0.0013425
279.1 -0.00138625
280 -0.001388
280.9 -0.00140025
281.8 -0.0013385
282.6 -0.001409
283.5 -0.00138925
284.4 -0.00138275
285.3 -0.0013135
286.2 -0.0013525
287.1 -0.001302
288 -0.00130575
288.9 -0.00137425
289.8 -0.0013205
290.6 -0.001248
291.5 -0.0012465
292.4 -0.00123225
293.3 -0.00120725
294.2 -0.0012375
295.1 -0.00120075
296 -0.00111675
296.9 -0.00117475
297.8 -0.001117
298.6 -0.00111075
299.5 -0.00104425
300.4 -0.001103
301.3 -0.0010645
302.2 -0.0011185
303.1 -0.00112825
304 -0.00110775
304.9 -0.0010165
305.8 -0.0010065
306.6 -0.00091625
307.5 -0.00096325
308.4 -0.0009455
309.3 -0.00089025
310.2 -0.000806
311.1 -0.0008455
312 -0.0007815
312.9 -0.00081725
313.8 -0.00080625
314.6 -0.0008265
315.5 -0.0007615
316.4 -0.00073925
317.3 -0.0007565
318.2 -0.000657
319.1 -0.0006495
320 -0.00067425
320.9 -0.0006645
321.8 -0.00062575
322.6 -0.0005255
323.5 -0.00055
324.4 -0.00056375
325.3 -0.00053875
326.2 -0.0005075
327.1 -0.000446
328 -0.0004675
328.9 -0.0004375
329.8 -0.00042475
330.6 -0.0004125
331.5 -0.00035025
332.4 -0.00034025
333.3 -0.0002775
334.2 -0.00028325
335.1 -0.00027375
336 -0.00024225
336.9 -0.0002095
337.8 -0.0001835
338.6 -0.0001425
339.5 -0.00012925
340.4 -0.0001135
341.3 -9.875e-05
342.2 -9.275e-05
343.1 -7.75e-05
344 -6.625e-05
344.9 -6.85e-05
345.8 -7.075e-05
346.6 -6.875e-05
347.5 7.025e-05
348.4 6.875e-05
349.3 7.375e-05
350.2 7.625e-05
351.1 9.225e-05
352 0.0001
352.9 0.0001105
353.8 0.00012225
354.6 0.00012775
355.5 0.0001335
356.4 0.0001525
357.3 0.00016225
358.2 0.0001735
359.1 0.00018725
