0 0
1.18908899591471e-07 4.81516043702361e-06
1.97256457329594e-05 9.87107889589841e-06
5.31303364556604e-05 1.51797932777169e-05
0.000280816339512489 2.07539433786264e-05
0.000416059894623931 2.66068009845813e-05
0.00085550281350525 3.2752301470834e-05
0.0011442704860048 3.92050769813993e-05
0.00177804278999634 4.59804912674929e-05
0.00216524698726454 5.30946762678912e-05
0.002717350470038 6.05645705183094e-05
0.00290300142966172 6.84079594812485e-05
0.00315040000384741 7.66435178923345e-05
0.00315975139759289 8.52908542239748e-05
0.00325189841732653 9.43705573721972e-05
0.00319219467038542 0.000103904245677831
0.00322654975524194 0.000113914618398746
0.00314855192638845 0.000124425509755707
0.00316597306755358 0.000135461945680516
0.00308989771155286 0.000147050203401565
0.00310574447724623 0.000159217874008667
0.00303826767446143 0.000171993928146124
0.00305735954792501 0.000185408784990454
0.00299964524386359 0.000199494384677
0.00302276005354733 0.000214284264347874
0.00297398959447775 0.000229813638002291
0.00300056657519174 0.000246119480339429
0.00295940344132729 0.000263240614793424
0.00298859995528953 0.000281217805970119
0.00295374179718533 0.000300093856705649
0.00298479619509864 0.000319913709977955
0.00295514155696973 0.000340724555913876
0.00298746062115962 0.000362575944146594
0.00296212614251093 0.000385519901790947
0.00299527526078513 0.000409611057317518
0.00297356379224699 0.000434906770620417
0.00300723105004611 0.000461467269588462
0.0029885902127983 0.000489355793504909
0.0030225499411771 0.000518638743617178
0.00300653469459528 0.00054938584123506
0.00304061775752232 0.000581670293733837
0.00302686025215505 0.000615568968857552
0.00306093173767716 0.000651162577737454
0.00304911809309343 0.00068853586706135
0.00308306109162193 0.000727777820851441
0.00307291374141529 0.000768981872331037
0.00310661760597271 0.000812246126384612
0.00309788180721467 0.000857673593140866
0.00313123352630596 0.000905372433234933
0.0031236668673832 0.000955456215333704
0.00315654451251333 0.00100804418653741
0.00314990852618369 0.00106326155630131
0.00318217602651291 0.0011212397945534
0.00317622924764064 0.00118211694471809
0.00320773196532413 0.00124603795239102
0.003202223951385 0.00131315501044759
0.00323278468928439 0.001383627921407
0.00322745065249384 0.00145762447791437
0.00325686583604565 0.00153532086224711
0.00325142163233991 0.00161690206579649
0.00327945748732681 0.00170256232952334
0.00327359477747847 0.00179250560643653
0.00329998336088306 0.00188694604719538
0.00329336479260184 0.00198610850999217
0.00331779983591771 0.0020902290959288
0.0033100542265519 0.00219955571116227
0.00333218669646944 0.0023143486571574
0.00332290406064199 0.0024348812504523
0.00334233730215283 0.00256144047341194
0.00333106374642255 0.00269432765751956
0.0033473487859541 0.00283385920083256
0.00333358160088952 0.00298036732131121
0.00334621185209283 0.0031342008478138
0.00332939436663297 0.00329572605064151
0.00333780032322724 0.00346532751361061
0.0033173173924015 0.00364340904972816
0.00332086232593198 0.00383039466265159
0.00329603668198106 0.0040267295562212
0.0032940126224292 0.00423288119446928
0.00326410244559722 0.00444934041462977
0.00325572816964012 0.00467662259579828
0.00321992806559368 0.00491526888602522
0.00320435098124249 0.0051658474907635
0.00316179803436955 0.0054289550257387
0.00313810135222358 0.00570521793746266
0.00308788790355019 0.00599529399477282
0.00305510627183937 0.00629987385494849
0.00299630459851377 0.00661968270813293
0.00295345347671938 0.0069554820039766
0.00288515376910671 0.00730807126461246
0.0028312803067529 0.0076782899882801
0.00275265837954669 0.00806701964813113
0.00268691670036857 0.00847518579097471
0.00259733696606571 0.00890376024096047
0.00251911255353834 0.00935376341344552
0.00241827822497683 0.00982626674455482
0.00232737191204303 0.0103223952422196
0.00221554797225841 0.0108433301647676
0.00211243592795695 0.011390311833443
0.00199075624671616 0.0119646425855522
0.00187694423650906 0.0125676898752668
0.00174780256449454 0.0132008895294672
0.00162625818535638 0.0138657491663775
0.00149374108997 0.0145638517851334
0.00136932242005955 0.0152968595348271
0.001239533866671 0.0160665176720055
0.00111918644134384 0.0168746587160428
0.00100012143132397 0.017723206812282
0.000892384441945763 0.0186141823133331
0.000792775601169639 0.0195497065894368
0.000705974963496966 0.0205320070793457
0.000632614718427438 0.02156342259375
0.000571613313617784 0.0226464088838745
0.000525860871707789 0.0237835444885052
0.0004891336111503 0.0249775368733675
0.000465507909502751 0.0262312288774729
0.000445765764845706 0.0275476054817836
0.000434846723069819 0.0289298009163098
0.000423215498284898 0.0303811061225623
0.000416303999152266 0.0319049765891275
0.000406204262701992 0.0335050405790209
0.000398127818258934 0.0351851077684089
0.000386797613118643 0.0369491783172664
0.000376516929637882 0.0388014523935667
0.000364936210340741 0.0407463401736821
0.000355111489573553 0.0427884723428032
0.000347183801799393 0.0449327111203804
0.000343596826879943 0.0468653225072551
