0 0
8.36340715183709e-07 4.81516043702361e-06
6.75531639405215e-05 9.87107889589841e-06
0.000302504373049788 1.51797932777169e-05
0.00108174131118994 2.07539433786264e-05
0.00189981564787879 2.66068009845813e-05
0.00345759031130044 3.2752301470834e-05
0.0048031584005033 3.92050769813993e-05
0.00618665100688216 4.59804912674929e-05
0.00663056842923851 5.30946762678912e-05
0.00697656231246304 6.05645705183094e-05
0.00691277203196681 6.84079594812485e-05
0.00694418503140244 7.66435178923345e-05
0.00676606716007293 8.52908542239748e-05
0.0067299171460189 9.43705573721972e-05
0.00654825443067444 0.000103904245677831
0.00651054488979919 0.000113914618398746
0.00635124861858254 0.000124425509755707
0.00632621671294073 0.000135461945680516
0.00619116731276398 0.000147050203401565
0.00617881499339281 0.000159217874008667
0.00606398782924685 0.000171993928146124
0.00606117913603555 0.000185408784990454
0.00596196163970494 0.000199494384677
0.00596556214371882 0.000214284264347874
0.00587810402943266 0.000229813638002291
0.0058856757342373 0.000246119480339429
0.00580704278560073 0.000263240614793424
0.00581683550502618 0.000281217805970119
0.00574484995959691 0.000300093856705649
0.00575563770761941 0.000319913709977955
0.00568868067194273 0.000340724555913876
0.00569960147587391 0.000362575944146594
0.00563644998929413 0.000385519901790947
0.00564688355275932 0.000409611057317518
0.00558659054424123 0.000434906770620417
0.00559607242290526 0.000461467269588462
0.0055378818247379 0.000489355793504909
0.00554604517871411 0.000518638743617178
0.00548933260124225 0.00054938584123506
0.00549586903909349 0.000581670293733837
0.00544010017547424 0.000615568968857552
0.00544473328973864 0.000651162577737454
0.00538943436650752 0.00068853586706135
0.00539190167158827 0.000727777820851441
0.00533663814953806 0.000768981872331037
0.00533667824375766 0.000812246126384612
0.00528103891192256 0.000857673593140866
0.00527838223453468 0.000905372433234933
0.0052219672272865 0.000955456215333704
0.0052163290551107 0.00100804418653741
0.00515874119097312 0.00106326155630131
0.00514981618143958 0.0011212397945534
0.00509065360730696 0.00118211694471809
0.00507811127637666 0.00124603795239102
0.00501696145899853 0.00131315501044759
0.00500044228843453 0.001383627921407
0.00493687709935302 0.00145762447791437
0.00491598912953453 0.00153532086224711
0.00484956090034065 0.00161690206579649
0.00482387679940797 0.00170256232952334
0.00475411537845936 0.00179250560643653
0.00472317011113109 0.00188694604719538
0.00464958111711294 0.00198610850999217
0.00461287050370004 0.0020902290959288
0.00453493519342482 0.00219955571116227
0.00449191586002842 0.0023143486571574
0.00440909328890032 0.0024348812504523
0.00435918480749121 0.00256144047341194
0.00427091729352234 0.00269432765751956
0.00421350783434845 0.00283385920083256
0.00411923143733009 0.00298036732131121
0.00405368894368421 0.0031342008478138
0.00395285134723232 0.00329572605064151
0.00387854278549189 0.00346532751361061
0.00377063208932008 0.00364340904972816
0.00368695520364562 0.00383039466265159
0.00357154495945347 0.0040267295562212
0.00347797907827114 0.00423288119446928
0.00335479670090747 0.00444934041462977
0.00325098077403239 0.00467662259579828
0.00312000883723014 0.00491526888602522
0.00300585877049654 0.0051658474907635
0.00286748185954711 0.0054289550257387
0.00274336125406341 0.00570521793746266
0.00259857183124902 0.00599529399477282
0.00246553014067668 0.00629987385494849
0.00231620101331259 0.00661968270813293
0.00217628425284597 0.0069554820039766
0.00202549452727602 0.00730807126461246
0.00188210501796552 0.0076782899882801
0.00173446047178138 0.00806701964813113
0.00159266723660945 0.00847518579097471
0.00145444883502052 0.00890376024096047
0.00132101883107726 0.00935376341344552
0.00119981970522184 0.00982626674455482
0.00108254908349848 0.0103223952422196
0.000985916505508863 0.0108433301647676
0.00089179908646402 0.011390311833443
0.000824722231354049 0.0119646425855522
0.00075723229804438 0.0125676898752668
0.000719640793738349 0.0132008895294672
0.000676994976327475 0.0138657491663775
0.000663595861684825 0.0145638517851334
0.000639897578846183 0.0152968595348271
0.000642848215265411 0.0160665176720055
0.000630995377997684 0.0168746587160428
0.000642699892135185 0.017723206812282
0.000636391127150256 0.0186141823133331
0.000650648318083878 0.0195497065894368
0.000644937720056242 0.0205320070793457
0.000656995683544169 0.02156342259375
0.000648226313043594 0.0226464088838745
0.000654571239110296 0.0237835444885052
0.000640234203762201 0.0249775368733675
0.000638459124082346 0.0262312288774729
0.000617162169459827 0.0275476054817836
0.000606002983043858 0.0289298009163098
0.000577598899648986 0.0303811061225623
0.000557171399721661 0.0319049765891275
0.000523072826426262 0.0335050405790209
0.000495341232344807 0.0351851077684089
0.000459017637500696 0.0369491783172664
0.000428486953791977 0.0388014523935667
0.000396018750859374 0.0407463401736821
0.000370426308811368 0.0427884723428032
0.000350525195538839 0.0449327111203804
0.00034193113511621 0.0468653225072551
