0 0
4.74654710730433e-07 4.81516043702361e-06
3.92135720848551e-05 9.87107889589841e-06
0.000172557748299805 1.51797932777169e-05
0.000624960963601033 2.07539433786264e-05
0.00109161504560794 2.66068009845813e-05
0.00200494888562303 3.2752301470834e-05
0.00284719634892358 3.92050769813993e-05
0.00396924075813272 4.59804912674929e-05
0.00455566210458552 5.30946762678912e-05
0.00499834086304905 6.05645705183094e-05
0.00508328780190643 6.84079594812485e-05
0.00516655903298779 7.66435178923345e-05
0.00508084221669204 8.52908542239748e-05
0.00505433226334209 9.43705573721972e-05
0.00492824054984782 0.000103904245677831
0.00487645884991481 0.000113914618398746
0.00475157983722501 0.000124425509755707
0.00470059688541061 0.000135461945680516
0.00458797815847769 0.000147050203401565
0.00454416677059417 0.000159217874008667
0.0044447559843993 0.000171993928146124
0.00440812260973623 0.000185408784990454
0.00431990114541079 0.000199494384677
0.00428871374844743 0.000214284264347874
0.00420914827548925 0.000229813638002291
0.00418149304354359 0.000246119480339429
0.00410830395113125 0.000263240614793424
0.00408253889188114 0.000281217805970119
0.00401386893602412 0.000300093856705649
0.00398869329935459 0.000319913709977955
0.0039230787226576 0.000340724555913876
0.00389748424259392 0.000362575944146594
0.00383377589906987 0.000385519901790947
0.00380697492767087 0.000409611057317518
0.00374425980943246 0.000434906770620417
0.00371562080274557 0.000461467269588462
0.00365315804067428 0.000489355793504909
0.00362215537101147 0.000518638743617178
0.00355932809949502 0.00054938584123506
0.00352550546987985 0.000581670293733837
0.00346178624826643 0.000615568968857552
0.00342473112386388 0.000651162577737454
0.00335965814307088 0.00068853586706135
0.00331898474915989 0.000727777820851441
0.00325214662783443 0.000768981872331037
0.00320748578695472 0.000812246126384612
0.00313851357291132 0.000857673593140866
0.0030895085116388 0.000905372433234933
0.00301807432986139 0.000955456215333704
0.00296438242429766 0.00100804418653741
0.00289020509893411 0.00106326155630131
0.00283150638181531 0.0011212397945534
0.00275436526294792 0.00118211694471809
0.00269037953536567 0.00124603795239102
0.00261013869611987 0.00131315501044759
0.00254065430909397 0.001383627921407
0.00245730031579014 0.00145762447791437
0.00238221898912436 0.00153532086224711
0.0022959166105634 0.00161690206579649
0.0022153199591603 0.00170256232952334
0.00212649085449789 0.00179250560643653
0.00204073499523193 0.00188694604719538
0.00195016296196585 0.00198610850999217
0.00186000572052273 0.0020902290959288
0.00176896734325982 0.00219955571116227
0.00167572570265035 0.0023143486571574
0.00158613132017899 0.0024348812504523
0.00149184780753375 0.00256144047341194
0.0014063489230726 0.00269432765751956
0.00131390689873305 0.00283385920083256
0.00123587682543362 0.00298036732131121
0.0011489427026499 0.0031342008478138
0.00108218028722067 0.00329572605064151
0.00100480336266337 0.00346532751361061
0.000952822338490779 0.00364340904972816
0.000888575713009962 0.00383039466265159
0.00085358034115978 0.0040267295562212
0.000804511668702576 0.00423288119446928
0.000786574294721313 0.00444934041462977
0.000752585601379459 0.00467662259579828
0.000749740739854684 0.00491526888602522
0.000728957813105628 0.0051658474907635
0.000738152577006118 0.0054289550257387
0.000727901677948077 0.00570521793746266
0.00074605524153318 0.00599529399477282
0.000743711737110919 0.00629987385494849
0.00076824541620945 0.00661968270813293
0.000771578185245849 0.0069554820039766
0.000800473641015336 0.00730807126461246
0.000807654859580575 0.0076782899882801
0.000839293928279117 0.00806701964813113
0.000848776586143655 0.00847518579097471
0.000881759644918533 0.00890376024096047
0.00089214800613984 0.00935376341344552
0.000925154104583518 0.00982626674455482
0.000935105394701401 0.0103223952422196
0.000966802422576599 0.0108433301647676
0.000974966419135988 0.011390311833443
0.00100396495574828 0.0119646425855522
0.00100895837657445 0.0125676898752668
0.00103380127415312 0.0132008895294672
0.00103421285853766 0.0138657491663775
0.00105339516754478 0.0145638517851334
0.00104781918674485 0.0152968595348271
0.00105983644381674 0.0160665176720055
0.00104693625325184 0.0168746587160428
0.0010503621054826 0.017723206812282
0.00102896897806622 0.0186141823133331
0.00102257195526051 0.0195497065894368
0.000991828248835295 0.0205320070793457
0.000974739019993648 0.02156342259375
0.000934302397349126 0.0226464088838745
0.000906248614148547 0.0237835444885052
0.000856567239937345 0.0249775368733675
0.000818182533695503 0.0262312288774729
0.000760837400228284 0.0275476054817836
0.000714028920460678 0.0289298009163098
0.000652097263292345 0.0303811061225623
0.000600395971218922 0.0319049765891275
0.000538700026920626 0.0335050405790209
0.000487410560680729 0.0351851077684089
0.000432382881403986 0.0369491783172664
0.000388235082717717 0.0388014523935667
0.000347044402691726 0.0407463401736821
0.000317105376512336 0.0427884723428032
0.000295886458755662 0.0449327111203804
0.000287453728462284 0.0468653225072551
