0 0
4.2531049380487e-12 4.81516043702361e-06
1.01649650809656e-08 9.87107889589841e-06
2.9591224245791e-07 1.51797932777169e-05
4.64980987529104e-06 2.07539433786264e-05
3.24993898477388e-05 2.66068009845813e-05
0.000210242882711473 3.2752301470834e-05
0.000618465337625245 3.92050769813993e-05
0.00113873760616907 4.59804912674929e-05
0.00130747198168004 5.30946762678912e-05
0.00142101404816783 6.05645705183094e-05
0.00143478371880974 6.84079594812485e-05
0.00148126498312733 7.66435178923345e-05
0.0014846607778788 8.52908542239748e-05
0.00151888255251511 9.43705573721972e-05
0.00151940430582862 0.000103904245677831
0.00154786169041173 0.000113914618398746
0.00154617003781485 0.000124425509755707
0.00157034662012499 0.000135461945680516
0.0015668312802369 0.000147050203401565
0.00158747245488228 0.000159217874008667
0.00158255460608467 0.000171993928146124
0.00160023643563195 0.000185408784990454
0.00159429415846558 0.000199494384677
0.00160950059714572 0.000214284264347874
0.00160285337690616 0.000229813638002291
0.00161595718888024 0.000246119480339429
0.00160883872587875 0.000263240614793424
0.00162012849440607 0.000281217805970119
0.00161268854590407 0.000300093856705649
0.00162239196623873 0.000319913709977955
0.00161471884135931 0.000340724555913876
0.00162301144573144 0.000362575944146594
0.0016151498776041 0.000385519901790947
0.00162216413300254 0.000409611057317518
0.00161412803360324 0.000434906770620417
0.00161996137364806 0.000461467269588462
0.00161174241110638 0.000489355793504909
0.00161646378042718 0.000518638743617178
0.00160803690746431 0.00054938584123506
0.00161169186786927 0.000581670293733837
0.00160301870829629 0.000615568968857552
0.00160563338834918 0.000651162577737454
0.00159666430837981 0.00068853586706135
0.00159824808276216 0.000727777820851441
0.00158892315835165 0.000768981872331037
0.00158947102631542 0.000812246126384612
0.0015797204355728 0.000857673593140866
0.00157921427687535 0.000905372433234933
0.00156896873466366 0.000955456215333704
0.00156736796966827 0.00100804418653741
0.00155655006772386 0.00106326155630131
0.0015538007684805 0.0011212397945534
0.00154232397672429 0.00118211694471809
0.00153835972575336 0.00124603795239102
0.00152612781187318 0.00131315501044759
0.00152086978204584 0.001383627921407
0.00150777614762715 0.00145762447791437
0.00150113304111241 0.00153532086224711
0.00148706002446661 0.00161690206579649
0.00147892793170477 0.00170256232952334
0.0014637461352 0.00179250560643653
0.00145400840107534 0.00188694604719538
0.00143757613577988 0.00198610850999217
0.0014261033146467 0.0020902290959288
0.00140826622667209 0.00219955571116227
0.00139491625291772 0.0023143486571574
0.00137550730690691 0.0024348812504523
0.00136012607293544 0.00256144047341194
0.00133896626135445 0.00269432765751956
0.001321388727437 0.00283385920083256
0.00129828841999006 0.00298036732131121
0.0012783404072798 0.0031342008478138
0.00125310205725067 0.00329572605064151
0.0012306039955509 0.00346532751361061
0.0012030270452921 0.00364340904972816
0.00117779963103865 0.00383039466265159
0.00114768793918954 0.0040267295562212
0.00111955987000103 0.00423288119446928
0.00108673309963453 0.00444934041462977
0.00105555371159281 0.00467662259579828
0.00101986513265969 0.00491526888602522
0.000985522467068286 0.0051658474907635
0.000946884125311593 0.0054289550257387
0.000909330799582263 0.00570521793746266
0.000867748949272252 0.00599529399477282
0.000827038137810275 0.00629987385494849
0.000782662679290865 0.00661968270813293
0.000738996967085411 0.0069554820039766
0.000692187526736747 0.00730807126461246
0.000645979622503826 0.0076782899882801
0.000597378670436229 0.00806701964813113
0.000549318828637682 0.00847518579097471
0.00049991362092851 0.00890376024096047
0.000451019104311872 0.00935376341344552
0.000402149303595745 0.00982626674455482
0.000353765284154145 0.0103223952422196
0.00030699827667904 0.0108433301647676
0.000260705371552019 0.011390311833443
0.000217526633058367 0.0119646425855522
0.000174949170851731 0.0125676898752668
0.00013643817679768 0.0132008895294672
9.90147250890447e-05 0.0138657491663775
6.57322759435342e-05 0.0145638517851334
3.43119663758649e-05 0.0152968595348271
6.30644522658083e-06 0.0160665176720055
-1.90620408789716e-05 0.0168746587160428
-4.20605742406398e-05 0.017723206812282
-6.18266484518772e-05 0.0186141823133331
-8.00991855649827e-05 0.0195497065894368
-9.47501967943968e-05 0.0205320070793457
-0.000108457010246752 0.02156342259375
-0.000118311519455887 0.0226464088838745
-0.000127482057998213 0.0237835444885052
-0.000132671141840085 0.0249775368733675
-0.000137242666737178 0.0262312288774729
-0.000137761581232814 0.0275476054817836
-0.000137627373992432 0.0289298009163098
-0.00013341387911417 0.0303811061225623
-0.000128461549612873 0.0319049765891275
-0.000119466072418724 0.0335050405790209
-0.000109635509333493 0.0351851077684089
-9.59002915928741e-05 0.0369491783172664
-8.12475918749158e-05 0.0388014523935667
-6.29842665193436e-05 0.0407463401736821
-4.37641735593435e-05 0.0427884723428032
-2.30961988397665e-05 0.0449327111203804
4.2442953825204e-17 0.0468653225072551
