0 0
1.83597942695091e-12 4.81516043702361e-06
4.47303254911037e-09 9.87107889589841e-06
1.25146193409882e-07 1.51797932777169e-05
1.73708283656601e-06 2.07539433786264e-05
1.03974561793275e-05 2.66068009845813e-05
6.67503388480452e-05 3.2752301470834e-05
0.000231782511294758 3.92050769813993e-05
0.000575101426190393 4.59804912674929e-05
0.000818898789289842 5.30946762678912e-05
0.000970757677285351 6.05645705183094e-05
0.00101192587705104 6.84079594812485e-05
0.0010541468163073 7.66435178923345e-05
0.00106364826070972 8.52908542239748e-05
0.00108572390033021 9.43705573721972e-05
0.00108902691273174 0.000103904245677831
0.00110461616952825 0.000113914618398746
0.00110513610684207 0.000124425509755707
0.00111694621472969 0.000135461945680516
0.00111550178094239 0.000147050203401565
0.00112442961378334 0.000159217874008667
0.00112140355496653 0.000171993928146124
0.00112790414103671 0.000185408784990454
0.00112356257601772 0.000199494384677
0.00112794696336271 0.000214284264347874
0.00112249273487266 0.000229813638002291
0.00112499989589271 0.000246119480339429
0.00111858253038193 0.000263240614793424
0.00111939809574085 0.000281217805970119
0.00111211977664952 0.000300093856705649
0.00111138370290258 0.000319913709977955
0.00110330655167115 0.000340724555913876
0.00110111927100615 0.000362575944146594
0.00109227296909777 0.000385519901790947
0.00108870134217298 0.000409611057317518
0.00107908993417153 0.000434906770620417
0.00107417273284268 0.000461467269588462
0.00106378014762119 0.000489355793504909
0.00105753278855899 0.000518638743617178
0.00104632710378641 0.00054938584123506
0.0010387455720106 0.000581670293733837
0.00102668226771481 0.000615568968857552
0.0010177463254611 0.000651162577737454
0.00100477083240604 0.00068853586706135
0.000994446689811993 0.000727777820851441
0.000980496523991206 0.000768981872331037
0.000968739174622035 0.000812246126384612
0.000953745961094922 0.000857673593140866
0.00094050136957722 0.000905372433234933
0.000924393090090557 0.000955456215333704
0.000909600489176088 0.00100804418653741
0.000892304226182832 0.00106326155630131
0.000875898843372567 0.0011212397945534
0.000857344377763136 0.00118211694471809
0.000839260889134464 0.00124603795239102
0.000819385671226284 0.00131315501044759
0.000799562752571128 0.001383627921407
0.000778318840922645 0.00145762447791437
0.000756705422450069 0.00153532086224711
0.00073406891467396 0.00161690206579649
0.000710632859864678 0.00170256232952334
0.00068661656417856 0.00179250560643653
0.000661356530842604 0.00188694604719538
0.000636026781268445 0.00198610850999217
0.000608988275779517 0.0020902290959288
0.00058248540011054 0.00219955571116227
0.000553780978987254 0.0023143486571574
0.000526340714119175 0.0024348812504523
0.000496172892951683 0.00256144047341194
0.000468141180767333 0.00269432765751956
0.000436823884371202 0.00283385920083256
0.000408651182628297 0.00298036732131121
0.000376621212743108 0.0031342008478138
0.00034881333031819 0.00329572605064151
0.000316629263516408 0.00346532751361061
0.000289654120384154 0.00364340904972816
0.000257952499491462 0.00383039466265159
0.000232106542076904 0.0040267295562212
0.000201574023319133 0.00423288119446928
0.000176959545398884 0.00444934041462977
0.000148211808761444 0.00467662259579828
0.000124779348411495 0.00491526888602522
9.82690538434886e-05 0.0051658474907635
7.59385450785684e-05 0.0054289550257387
5.18116644474517e-05 0.00570521793746266
3.04480606370922e-05 0.00599529399477282
8.54359446459649e-06 0.00629987385494849
-1.19443143027421e-05 0.00661968270813293
-3.19207391865462e-05 0.0069554820039766
-5.1577328346122e-05 0.00730807126461246
-6.99035140351341e-05 0.0076782899882801
-8.87133762117453e-05 0.00806701964813113
-0.000105566567705893 0.00847518579097471
-0.000123447090749864 0.00890376024096047
-0.000138890925214584 0.00935376341344552
-0.000155692289128539 0.00982626674455482
-0.000169685849289181 0.0103223952422196
-0.000185196437775682 0.0108433301647676
-0.000197610133739325 0.011390311833443
-0.000211564441374736 0.0119646425855522
-0.000222196667556672 0.0125676898752668
-0.000234284571128563 0.0132008895294672
-0.00024287768733102 0.0138657491663775
-0.000252754956350102 0.0145638517851334
-0.000259011126110932 0.0152968595348271
-0.000266321814529122 0.0160665176720055
-0.000269909987537611 0.0168746587160428
-0.000274300714892971 0.017723206812282
-0.00027487851458938 0.0186141823133331
-0.000276022173485321 0.0195497065894368
-0.000273270999767959 0.0205320070793457
-0.000270884543932613 0.02156342259375
-0.000264542859292856 0.0226464088838745
-0.000258426165271434 0.0237835444885052
-0.00024833441628614 0.0249775368733675
-0.000238421430498079 0.0262312288774729
-0.000224579226288959 0.0275476054817836
-0.000210993305297863 0.0289298009163098
-0.00019362591344656 0.0303811061225623
-0.000176733822942597 0.0319049765891275
-0.000156352482138987 0.0335050405790209
-0.000136790705157285 0.0351851077684089
-0.000114202267233482 0.0369491783172664
-9.28116976160463e-05 0.0388014523935667
-6.89598625525448e-05 0.0407463401736821
-4.64804248740986e-05 0.0427884723428032
-2.35904306803008e-05 0.0449327111203804
3.95327675904119e-17 0.0468653225072551
