0 0
0 4.81516043702361e-06
2.09429744890264e-10 9.87107889589841e-06
8.05290935377692e-10 1.51797932777169e-05
5.12112682538293e-08 2.07539433786264e-05
1.23323693300341e-07 2.66068009845813e-05
7.70605637566383e-07 3.2752301470834e-05
1.78182254636316e-06 3.92050769813993e-05
7.8181957335019e-06 4.59804912674929e-05
1.71895290218458e-05 5.30946762678912e-05
5.19450082540192e-05 6.05645705183094e-05
8.86370820073436e-05 6.84079594812485e-05
0.000162672725081576 7.66435178923345e-05
0.000198492911529563 8.52908542239748e-05
0.000254614921988329 9.43705573721972e-05
0.000265735998391653 0.000103904245677831
0.000298591028735819 0.000113914618398746
0.000300620137085684 0.000124425509755707
0.000323675056664991 0.000135461945680516
0.000323410010655824 0.000147050203401565
0.00034261089746397 0.000159217874008667
0.000341724535234521 0.000171993928146124
0.00035914369338889 0.000185408784990454
0.000358094462683274 0.000199494384677
0.000374421047252246 0.000214284264347874
0.000373394360268544 0.000229813638002291
0.000388859881793946 0.000246119480339429
0.000387981033795322 0.000263240614793424
0.000402689922992278 0.000281217805970119
0.000402062794132649 0.000300093856705649
0.000416098867500567 0.000319913709977955
0.000415806834609692 0.000340724555913876
0.000429257235398706 0.000362575944146594
0.000429361284756916 0.000385519901790947
0.000442314967626411 0.000409611057317518
0.000442855372776882 0.000434906770620417
0.000455397174458631 0.000461467269588462
0.000456397490060643 0.000489355793504909
0.000468603755163127 0.000518638743617178
0.000470075168324941 0.00054938584123506
0.000482011594034236 0.000581670293733837
0.000483956566816248 0.000615568968857552
0.00049568324388544 0.000651162577737454
0.000498092724333593 0.00068853586706135
0.000509661855639062 0.000727777820851441
0.000512519186531779 0.000768981872331037
0.000523971321600854 0.000812246126384612
0.00052725705442586 0.000857673593140866
0.000538622005898627 0.000905372433234933
0.000542313961845036 0.000955456215333704
0.000553611499176453 0.00100804418653741
0.000557684492605325 0.00106326155630131
0.000568924771791448 0.0011212397945534
0.000573350083270686 0.00118211694471809
0.000584533820843937 0.00124603795239102
0.000589278499324809 0.00131315501044759
0.000600396915597937 0.001383627921407
0.000605422937270674 0.00145762447791437
0.000616457470817707 0.00153532086224711
0.000621720761638953 0.00161690206579649
0.000632642565383956 0.00170256232952334
0.000638091895121026 0.00179250560643653
0.00064886112696572 0.00188694604719538
0.000654436876467844 0.00198610850999217
0.000665001793449623 0.0020902290959288
0.000670634592423931 0.00219955571116227
0.000680930455948365 0.0023143486571574
0.000686539685192373 0.0024348812504523
0.000696487484869601 0.00256144047341194
0.000701979633627652 0.00269432765751956
0.000711484639757051 0.00283385920083256
0.000716751513595737 0.00298036732131121
0.000725701665946533 0.0031342008478138
0.000730618462947453 0.00329572605064151
0.000738882594671897 0.00346532751361061
0.000743305887320833 0.00364340904972816
0.000750731804180108 0.00383039466265159
0.000754497439213004 0.0040267295562212
0.000760909900034939 0.00423288119446928
0.000763830854795073 0.00444934041462977
0.000769035703187505 0.00467662259579828
0.000770893900335154 0.00491526888602522
0.000774676777645946 0.0051658474907635
0.000775221101707617 0.0054289550257387
0.000777344173035544 0.00570521793746266
0.000776293083915823 0.00599529399477282
0.00077649548705634 0.00629987385494849
0.000773546509925927 0.00661968270813293
0.000771535362167296 0.0069554820039766
0.000766367460396304 0.00730807126461246
0.000761820201469373 0.0076782899882801
0.000754091735287437 0.00806701964813113
0.000746670247299945 0.00847518579097471
0.000736026929914384 0.00890376024096047
0.000725387998930368 0.00935376341344552
0.000711476173901619 0.00982626674455482
0.000697288184313742 0.0103223952422196
0.000679775974087902 0.0108433301647676
0.000661744702387328 0.011390311833443
0.000640354417984027 0.0119646425855522
0.000618261467082493 0.0125676898752668
0.00059281744187939 0.0132008895294672
0.000566575521189164 0.0138657491663775
0.000537072096059773 0.0145638517851334
0.000506801361030602 0.0152968595348271
0.000473494968880027 0.0160665176720055
0.000439622432975895 0.0168746587160428
0.000403147104133382 0.017723206812282
0.000366523397847338 0.0186141823133331
0.000328015130805256 0.0195497065894368
0.000290023408882994 0.0205320070793457
0.000251207054547553 0.02156342259375
0.000213802046832363 0.0226464088838745
0.000176944756174496 0.0237835444885052
0.000142522368765438 0.0249775368733675
0.000110140385775845 0.0262312288774729
8.11563246138964e-05 0.0275476054817836
5.54607016947667e-05 0.0289298009163098
3.38087980946732e-05 0.0303811061225623
1.60757134686421e-05 0.0319049765891275
2.50650328659568e-06 0.0335050405790209
-7.1898837301955e-06 0.0351851077684089
-1.30945432206598e-05 0.0369491783172664
-1.5608340549539e-05 0.0388014523935667
-1.50277789222481e-05 0.0407463401736821
-1.17859998810967e-05 0.0427884723428032
-6.93674173802114e-06 0.0449327111203804
4.74252826814595e-17 0.0468653225072551
