0 0
0.00529811894883878 4.81516043702361e-06
0.0107720340381742 9.87107889589841e-06
0.0163342497120376 1.51797932777169e-05
0.0220678753074598 2.07539433786264e-05
0.027875259356339 2.66068009845813e-05
0.0338465901689021 3.2752301470834e-05
0.0398728397385507 3.92050769813993e-05
0.0460521626397614 4.59804912674929e-05
0.0522624935196576 5.30946762678912e-05
0.0586110164465544 6.05645705183094e-05
0.0649591911971964 6.84079594812485e-05
0.0714239084889307 7.66435178923345e-05
0.077839426951564 8.52908542239748e-05
0.0843304570946336 9.43705573721972e-05
0.0906723622138901 0.000103904245677831
0.0969916168123764 0.000113914618398746
0.102949296711209 0.000124425509755707
0.10868864031111 0.000135461945680516
0.113770428032775 0.000147050203401565
0.118436727474309 0.000159217874008667
0.12230939341843 0.000171993928146124
0.125738162172731 0.000185408784990454
0.128481915111024 0.000199494384677
0.13087221803728 0.000214284264347874
0.132760227411819 0.000229813638002291
0.1343944544404 0.000246119480339429
0.135678031766995 0.000263240614793424
0.136782938403519 0.000281217805970119
0.137643623980603 0.000300093856705649
0.138377579458383 0.000319913709977955
0.138939201855303 0.000340724555913876
0.139409901209269 0.000362575944146594
0.139756485699562 0.000385519901790947
0.14003672118685 0.000409611057317518
0.140224696707141 0.000434906770620417
0.140362684488147 0.000461467269588462
0.14042906279171 0.000489355793504909
0.140455966225819 0.000518638743617178
0.140424485626951 0.00054938584123506
0.14036005600982 0.000581670293733837
0.140245631076603 0.000615568968857552
0.140102117441668 0.000651162577737454
0.139913828870917 0.00068853586706135
0.139698520150032 0.000727777820851441
0.139441535826328 0.000768981872331037
0.139158368526599 0.000812246126384612
0.13883516040023 0.000857673593140866
0.138485732877217 0.000905372433234933
0.138096851730055 0.000955456215333704
0.137681072069886 0.00100804418653741
0.137225649040388 0.00106326155630131
0.136742157833362 0.0011212397945534
0.136218237057588 0.00118211694471809
0.135664691139993 0.00124603795239102
0.135069457360471 0.00131315501044759
0.134442726991276 0.001383627921407
0.133772667405877 0.00145762447791437
0.133068979185945 0.00153532086224711
0.132320003965338 0.00161690206579649
0.131535049653787 0.00170256232952334
0.130702586502319 0.00179250560643653
0.129831610446303 0.00188694604719538
0.12891068296562 0.00198610850999217
0.127948556223326 0.0020902290959288
0.126933852298686 0.00219955571116227
0.125875138608292 0.0023143486571574
0.124761072798215 0.0024348812504523
0.123600089712463 0.00256144047341194
0.122380862248954 0.00269432765751956
0.121111739676559 0.00283385920083256
0.119781393940771 0.00298036732131121
0.118398131832531 0.0031342008478138
0.116950611940184 0.00329572605064151
0.11544713884218 0.00346532751361061
0.113876349201313 0.00364340904972816
0.112246583834465 0.00383039466265159
0.110546453209236 0.0040267295562212
0.108784372117445 0.00423288119446928
0.106948925850784 0.00444934041462977
0.105048641499801 0.00467662259579828
0.103072087134256 0.00491526888602522
0.101027942665167 0.0051658474907635
0.0989047762896477 0.0054289550257387
0.0967114654759659 0.00570521793746266
0.0944366087714293 0.00599529399477282
0.0920893326617476 0.00629987385494849
0.0896583139044644 0.00661968270813293
0.0871529892485187 0.0069554820039766
0.0845621855735265 0.00730807126461246
0.0818957245649178 0.0076782899882801
0.0791426877540751 0.00806701964813113
0.0763133740835703 0.00847518579097471
0.0733972682576189 0.00890376024096047
0.0704052613044805 0.00935376341344552
0.0673274486503206 0.00982626674455482
0.0641754564786799 0.0103223952422196
0.0609403407815923 0.0108433301647676
0.0576347032105014 0.011390311833443
0.0542510697425152 0.0119646425855522
0.0508032579808713 0.0125676898752668
0.0472858311846993 0.0132008895294672
0.0437141007632514 0.0138657491663775
0.0400854026760292 0.0145638517851334
0.0364168445612486 0.0152968595348271
0.0327094718177195 0.0160665176720055
0.0289824778888182 0.0168746587160428
0.0252417775946927 0.017723206812282
0.0215088376062931 0.0186141823133331
0.0177958152427299 0.0195497065894368
0.014126351203743 0.0205320070793457
0.0105203530020026 0.02156342259375
0.00700289295943726 0.0226464088838745
0.00360305700518532 0.0237835444885052
0.000345304243255297 0.0249775368733675
-0.00273121015801285 0.0262312288774729
-0.00560713959964291 0.0275476054817836
-0.00823372850947831 0.0289298009163098
-0.0106054727452281 0.0303811061225623
-0.0126668743025997 0.0319049765891275
-0.0144409629562226 0.0335050405790209
-0.0158703154812025 0.0351851077684089
-0.0170253636245525 0.0369491783172664
-0.0178470056617053 0.0388014523935667
-0.0184656872204766 0.0407463401736821
-0.0188024861588657 0.0427884723428032
-0.019041990292974 0.0449327111203804
-0.0190419902929733 0.0468653225072551
