0 0
0.0435592716750527 4.81516043702361e-06
0.0886658118899587 9.87107889589841e-06
0.136686399788301 1.51797932777169e-05
0.186400280407094 2.07539433786264e-05
0.239182640893238 2.66068009845813e-05
0.292916082445605 3.2752301470834e-05
0.344224239559128 3.92050769813993e-05
0.38495621147756 4.59804912674929e-05
0.41370281167921 5.30946762678912e-05
0.435543308491839 6.05645705183094e-05
0.453330252235352 6.84079594812485e-05
0.468657592336143 7.66435178923345e-05
0.482423978485144 8.52908542239748e-05
0.494987340390806 9.43705573721972e-05
0.506737059686872 0.000103904245677831
0.517731914167427 0.000113914618398746
0.528210973942339 0.000124425509755707
0.538140520422791 0.000135461945680516
0.547705810482766 0.000147050203401565
0.556837715930006 0.000159217874008667
0.565698703312239 0.000171993928146124
0.574202957870651 0.000185408784990454
0.582501570839547 0.000199494384677
0.590499195549688 0.000214284264347874
0.598340277092359 0.000229813638002291
0.60592296564131 0.000246119480339429
0.613387543688041 0.000263240614793424
0.620627208807295 0.000281217805970119
0.627779558741703 0.000300093856705649
0.634733825950374 0.000319913709977955
0.641625851595459 0.000340724555913876
0.648341580963979 0.000362575944146594
0.655015751722337 0.000385519901790947
0.661531495178861 0.000409611057317518
0.668022947429623 0.000434906770620417
0.674370749646846 0.000461467269588462
0.680708847697367 0.000489355793504909
0.686915603160622 0.000518638743617178
0.693125124714144 0.00054938584123506
0.699213617702896 0.000581670293733837
0.705315667138392 0.000615568968857552
0.711305378373908 0.000651162577737454
0.71731809822818 0.00068853586706135
0.723225834106253 0.000727777820851441
0.729164961407134 0.000768981872331037
0.735005350896315 0.000812246126384612
0.740884659319336 0.000857673593140866
0.746670545434012 0.000905372433234933
0.75250219084236 0.000955456215333704
0.758244863664626 0.00100804418653741
0.764039584604221 0.00106326155630131
0.769749011637629 0.0011212397945534
0.775516330832422 0.00118211694471809
0.781201333264661 0.00124603795239102
0.786949709345597 0.00131315501044759
0.792618087192494 0.001383627921407
0.798355018140537 0.00145762447791437
0.804013628334884 0.00153532086224711
0.809745709191856 0.00161690206579649
0.815400497601894 0.00170256232952334
0.821133431967949 0.00179250560643653
0.826789417310321 0.00188694604719538
0.832527979200206 0.00198610850999217
0.838189183726557 0.0020902290959288
0.843937122891894 0.00219955571116227
0.849606440759259 0.0023143486571574
0.855366320814688 0.0024348812504523
0.861045310937188 0.00256144047341194
0.866818265217969 0.00269432765751956
0.872506851256511 0.00283385920083256
0.878292234287002 0.00298036732131121
0.883988284572491 0.0031342008478138
0.889783188601204 0.00329572605064151
0.895481944778015 0.00346532751361061
0.90128054990642 0.00364340904972816
0.906973864046917 0.00383039466265159
0.912766575274837 0.0040267295562212
0.918441900027547 0.00423288119446928
0.924214207644391 0.00444934041462977
0.929853279426639 0.00467662259579828
0.935584288594815 0.00491526888602522
0.941161447937744 0.0051658474907635
0.946822014782442 0.0054289550257387
0.952302108308602 0.00570521793746266
0.957852549235419 0.00599529399477282
0.963188409013224 0.00629987385494849
0.968575829567717 0.00661968270813293
0.97370546706714 0.0069554820039766
0.978860958750311 0.00730807126461246
0.983704930041661 0.0076782899882801
0.98854127346153 0.00806701964813113
0.993001245324857 0.00847518579097471
0.997412624890356 0.00890376024096047
1.00137339242057 0.00935376341344552
1.00524010308445 0.00982626674455482
1.00857935280904 0.0103223952422196
1.01178260760721 0.0108433301647676
1.01439393553385 0.011390311833443
1.01684487250762 0.0119646425855522
1.01867273658994 0.0125676898752668
1.02034681004341 0.0132008895294672
1.0214119034061 0.0138657491663775
1.02236022424422 0.0145638517851334
1.02274598861335 0.0152968595348271
1.02306543365283 0.0160665176720055
1.022875479735 0.0168746587160428
1.02266793385192 0.017723206812282
1.02199534531384 0.0186141823133331
1.02134875601414 0.0195497065894368
1.02027047597831 0.0205320070793457
1.0192594088386 0.02156342259375
1.01784238852421 0.0226464088838745
1.01653558633949 0.0237835444885052
1.01484528483657 0.0249775368733675
1.01331407923164 0.0262312288774729
1.01142254168374 0.0275476054817836
1.00974903585597 0.0289298009163098
1.00774301460792 0.0303811061225623
1.00602925007414 0.0319049765891275
1.00401998915323 0.0335050405790209
1.00239925145736 0.0351851077684089
1.00053534318396 0.0369491783172664
0.999187225255761 0.0388014523935667
0.99767211334268 0.0407463401736821
0.996840438603161 0.0427884723428032
0.995950613343611 0.0449327111203804
0.995950613343612 0.0468653225072551
