0 0
0.033170078282175 4.81516043702361e-06
0.0674409208995809 9.87107889589841e-06
0.103819160603488 1.51797932777169e-05
0.141398561061839 2.07539433786264e-05
0.181242055947056 2.66068009845813e-05
0.222119616436013 3.2752301470834e-05
0.263589629034998 3.92050769813993e-05
0.300926943530887 4.59804912674929e-05
0.329979979836015 5.30946762678912e-05
0.351795408752458 6.05645705183094e-05
0.368954886714443 6.84079594812485e-05
0.38324101605672 7.66435178923345e-05
0.395803880707944 8.52908542239748e-05
0.407064019145464 9.43705573721972e-05
0.417527766850316 0.000103904245677831
0.427240686389556 0.000113914618398746
0.436504867715303 0.000124425509755707
0.445253098763845 0.000135461945680516
0.453712428661122 0.000147050203401565
0.461776021519101 0.000159217874008667
0.469638515870136 0.000171993928146124
0.477177234546427 0.000185408784990454
0.484570855395595 0.000199494384677
0.491689390727478 0.000214284264347874
0.498702741895935 0.000229813638002291
0.505476831727869 0.000246119480339429
0.512176328456592 0.000263240614793424
0.518664290393799 0.000281217805970119
0.525102161597316 0.000300093856705649
0.531350558672899 0.000319913709977955
0.537569023542966 0.000340724555913876
0.543615800229503 0.000362575944146594
0.549649522300746 0.000385519901790947
0.5555259499105 0.000409611057317518
0.561403633868559 0.000434906770620417
0.567135627562887 0.000461467269588462
0.572881133431053 0.000489355793504909
0.578490191303769 0.000518638743617178
0.584123339612658 0.00054938584123506
0.589627224330599 0.000581670293733837
0.595164379438486 0.000615568968857552
0.600577605262753 0.000651162577737454
0.606032083728218 0.00068853586706135
0.611366243304484 0.000727777820851441
0.616748572971855 0.000768981872331037
0.622012521738145 0.000812246126384612
0.627330563883288 0.000857673593140866
0.63253046877025 0.000905372433234933
0.637789405292231 0.000955456215333704
0.642928655821815 0.00100804418653741
0.648130834962143 0.00106326155630131
0.653209806165603 0.0011212397945534
0.65835443284388 0.00118211694471809
0.663370081617886 0.00124603795239102
0.668452731005175 0.00131315501044759
0.67339800199667 0.001383627921407
0.678409928830318 0.00145762447791437
0.68327294377035 0.00153532086224711
0.688200159386019 0.00161690206579649
0.692963167295722 0.00170256232952334
0.697785267213126 0.00179250560643653
0.702423355415542 0.00188694604719538
0.707112115904632 0.00198610850999217
0.711591747075942 0.0020902290959288
0.716109594876203 0.00219955571116227
0.720387164784541 0.0023143486571574
0.724685796898259 0.0024348812504523
0.72870667152709 0.00256144047341194
0.732726443430182 0.00269432765751956
0.736425408462526 0.00283385920083256
0.740096703749982 0.00298036732131121
0.743401486442547 0.0031342008478138
0.746650039476925 0.00329572605064151
0.749490064871091 0.00346532751361061
0.752248511112481 0.00364340904972816
0.754570078542127 0.00383039466265159
0.756794876954354 0.0040267295562212
0.758578211618328 0.00423288119446928
0.760265445282124 0.00444934041462977
0.761533057054335 0.00467662259579828
0.76271948368541 0.00491526888602522
0.763526155605717 0.0051658474907635
0.764273586469818 0.0054289550257387
0.764684995947964 0.00570521793746266
0.765057691104005 0.00599529399477282
0.765131623024668 0.00629987385494849
0.765182431371064 0.00661968270813293
0.764961451097038 0.0069554820039766
0.764727690825429 0.00730807126461246
0.764239268580535 0.0076782899882801
0.763744426756795 0.00806701964813113
0.763004354350244 0.00847518579097471
0.762261807726795 0.00890376024096047
0.761277984333835 0.00935376341344552
0.760294644500231 0.00982626674455482
0.759070371242209 0.0103223952422196
0.757849754984905 0.0108433301647676
0.756386413118904 0.011390311833443
0.754931140953943 0.0119646425855522
0.753230369444487 0.0125676898752668
0.751544235108763 0.0132008895294672
0.749609763165848 0.0138657491663775
0.747699526569842 0.0145638517851334
0.74553879725476 0.0152968595348271
0.743415830731142 0.0160665176720055
0.741041715754054 0.0168746587160428
0.738723795442795 0.017723206812282
0.736156309398404 0.0186141823133331
0.733669457767327 0.0195497065894368
0.730937624475512 0.0205320070793457
0.728318428714255 0.02156342259375
0.725462718503049 0.0226464088838745
0.722761051381379 0.0237835444885052
0.719836060911444 0.0249775368733675
0.717118069806714 0.0262312288774729
0.714195455981172 0.0275476054817836
0.711546929093449 0.0289298009163098
0.708718555895192 0.0303811061225623
0.70624860848481 0.0319049765891275
0.703629895792286 0.0335050405790209
0.701475213972884 0.0351851077684089
0.699209387705561 0.0369491783172664
0.697540258700581 0.0388014523935667
0.695806169484457 0.0407463401736821
0.694836651802437 0.0427884723428032
0.693864007218882 0.0449327111203804
0.693864007218883 0.0468653225072551
