0 0
0.00824273240650242 4.81516043702361e-06
0.0167063729029593 9.87107889589841e-06
0.0260295013208428 1.51797932777169e-05
0.035607944237781 2.07539433786264e-05
0.0461432507419365 2.66068009845813e-05
0.0569676274070812 3.2752301470834e-05
0.0688335036683012 3.92050769813993e-05
0.0809899164205475 4.59804912674929e-05
0.094083066182498 5.30946762678912e-05
0.107163720697499 6.05645705183094e-05
0.120075848095087 6.84079594812485e-05
0.131840875836759 7.66435178923345e-05
0.141867918108153 8.52908542239748e-05
0.150415122219068 9.43705573721972e-05
0.157603402466799 0.000103904245677831
0.163902377611349 0.000113914618398746
0.169506889730441 0.000124425509755707
0.174616077364957 0.000135461945680516
0.179364138475773 0.000147050203401565
0.183808297122563 0.000159217874008667
0.188043204981763 0.000171993928146124
0.192067359152152 0.000185408784990454
0.195955733244383 0.000199494384677
0.199681563174594 0.000214284264347874
0.203311584174241 0.000229813638002291
0.206806776531449 0.000246119480339429
0.210231628128976 0.000263240614793424
0.213539960987674 0.000281217805970119
0.216796786171154 0.000300093856705649
0.219950893814222 0.000319913709977955
0.223068826399727 0.000340724555913876
0.226095415607682 0.000362575944146594
0.229098891522815 0.000385519901790947
0.232020842293539 0.000409611057317518
0.234931000365789 0.000434906770620417
0.237768282397132 0.000461467269588462
0.240603649663947 0.000489355793504909
0.243373827037018 0.000518638743617178
0.246150752114858 0.00054938584123506
0.248869351904323 0.000581670293733837
0.251602346963217 0.000615568968857552
0.254283176151139 0.000651162577737454
0.256985156765741 0.00068853586706135
0.259640530315479 0.000727777820851441
0.262323054093673 0.000768981872331037
0.264964019817447 0.000812246126384612
0.267637531943677 0.000857673593140866
0.270274104259509 0.000905372433234933
0.27294814525495 0.000955456215333704
0.275589501872407 0.00100804418653741
0.278272882100683 0.00106326155630131
0.280927528144125 0.0011212397945534
0.2836284732658 0.00118211694471809
0.286304377230566 0.00124603795239102
0.289030648786481 0.00131315501044759
0.291735354609301 0.001383627921407
0.294494349434146 0.00145762447791437
0.297235068139335 0.00153532086224711
0.300033899448949 0.00161690206579649
0.302817583008112 0.00170256232952334
0.305663145313797 0.00179250560643653
0.308496544664598 0.00188694604719538
0.311395564010338 0.00198610850999217
0.314285272471609 0.0020902290959288
0.317244342801096 0.00219955571116227
0.320196825398134 0.0023143486571574
0.323222431130144 0.0024348812504523
0.326244039571008 0.00256144047341194
0.329342563645081 0.00269432765751956
0.332439535811319 0.00283385920083256
0.335617251561537 0.00298036732131121
0.338795693320844 0.0031342008478138
0.342058737527299 0.00329572605064151
0.345324583404159 0.00346532751361061
0.348678906521197 0.00364340904972816
0.352037854325637 0.00383039466265159
0.355489141881654 0.0040267295562212
0.358946554322284 0.00423288119446928
0.362500111413439 0.00444934041462977
0.366060874315537 0.00467662259579828
0.369721403132837 0.00491526888602522
0.373389670663546 0.0051658474907635
0.377160982041202 0.0054289550257387
0.380939860872066 0.00570521793746266
0.384824552558865 0.00599529399477282
0.388715732187757 0.00629987385494849
0.392714757687149 0.00661968270813293
0.396717904452919 0.0069554820039766
0.400829880131402 0.00730807126461246
0.404941837107749 0.0076782899882801
0.409162156967351 0.00806701964813113
0.413376012198025 0.00847518579097471
0.417695789252821 0.00890376024096047
0.421999660403416 0.00935376341344552
0.426404351556072 0.00982626674455482
0.430779816936881 0.0103223952422196
0.435247461064977 0.0108433301647676
0.439667570075429 0.011390311833443
0.444166581232932 0.0119646425855522
0.448593401326121 0.0125676898752668
0.453079900762489 0.0132008895294672
0.457461626991963 0.0138657491663775
0.461876405154828 0.0145638517851334
0.466144222249052 0.0152968595348271
0.470409661506554 0.0160665176720055
0.474474899242191 0.0168746587160428
0.478492682511725 0.017723206812282
0.482245512574674 0.0186141823133331
0.485896908908736 0.0195497065894368
0.489209170572389 0.0205320070793457
0.492361409297796 0.02156342259375
0.495098307776724 0.0226464088838745
0.497622800779369 0.0237835444885052
0.499669852639054 0.0249775368733675
0.501477382506785 0.0262312288774729
0.502783138820953 0.0275476054817836
0.503867843820473 0.0289298009163098
0.504481110397733 0.0303811061225623
0.504941783252463 0.0319049765891275
0.505009753923509 0.0335050405790209
0.505027110848494 0.0351851077684089
0.504756597124067 0.0369491783172664
0.504549508851262 0.0388014523935667
0.50416647406614 0.0407463401736821
0.503959135471421 0.0427884723428032
0.503684423695597 0.0449327111203804
0.503684423695598 0.0468653225072551
