0.000000000000000000e+00 1.162220193416522995e-02
2.000000000000000000e+01 6.370455252857203099e-02
4.000000000000000000e+01 6.553007736756159829e-02
6.000000000000000000e+01 4.800593377245136045e-02
8.000000000000000000e+01 3.560195113094367231e-02
1.000000000000000000e+02 2.536152031381688418e-02
1.200000000000000000e+02 1.945115023966487514e-02
1.400000000000000000e+02 1.527350971146371368e-02
1.600000000000000000e+02 1.299294981864542245e-02
1.800000000000000000e+02 1.087808565537191040e-02
2.000000000000000000e+02 9.049642321087307886e-03
2.200000000000000000e+02 7.555863818966069775e-03
2.400000000000000000e+02 7.121059866138420430e-03
2.600000000000000000e+02 5.818101789468371754e-03
2.800000000000000000e+02 5.387382037775267744e-03
3.000000000000000000e+02 5.089464262659981579e-03
3.200000000000000000e+02 4.166698117751019802e-03
3.400000000000000000e+02 3.775428129643922711e-03
3.600000000000000000e+02 3.643949767283383157e-03
3.800000000000000000e+02 3.351662998847448373e-03
4.000000000000000000e+02 3.149024963115006417e-03
4.200000000000000000e+02 2.915926748206947028e-03
4.400000000000000000e+02 2.644097603043600933e-03
4.600000000000000000e+02 2.634777346267549395e-03
4.800000000000000000e+02 2.398937113192115261e-03
5.000000000000000000e+02 1.986381046753148399e-03
5.200000000000000000e+02 2.012264908393036292e-03
5.400000000000000000e+02 1.847065934362320102e-03
5.600000000000000000e+02 1.677883032970892748e-03
5.800000000000000000e+02 1.657856564387550887e-03
6.000000000000000000e+02 1.495895249490492409e-03
6.200000000000000000e+02 1.442256300787996123e-03
6.400000000000000000e+02 1.433681371510347460e-03
6.600000000000000000e+02 1.408797620807712356e-03
6.800000000000000000e+02 1.217750910433591880e-03
7.000000000000000000e+02 1.059937607592925136e-03
7.200000000000000000e+02 1.113810296062682417e-03
7.400000000000000000e+02 1.165102134422780740e-03
7.600000000000000000e+02 1.128672004310504479e-03
7.800000000000000000e+02 1.020697577020910317e-03
8.000000000000000000e+02 9.109303566980297365e-04
8.200000000000000000e+02 9.728295818144919085e-04
8.400000000000000000e+02 8.803370518663337354e-04
8.600000000000000000e+02 8.170751363745130339e-04
8.800000000000000000e+02 7.772012153324240257e-04
9.000000000000000000e+02 7.536547964520171625e-04
9.200000000000000000e+02 7.611412286826737183e-04
9.400000000000000000e+02 6.887890938141392723e-04
9.600000000000000000e+02 6.451811527108643413e-04
9.800000000000000000e+02 6.749411340661609247e-04
1.000000000000000000e+03 6.937756614567975287e-04
1.020000000000000000e+03 6.546712270676778187e-04
1.040000000000000000e+03 6.204315754726779297e-04
1.060000000000000000e+03 5.903908097197647529e-04
1.080000000000000000e+03 5.463198080370214879e-04
1.100000000000000000e+03 5.601733355961032801e-04
1.120000000000000000e+03 5.773351286605596377e-04
1.140000000000000000e+03 5.677187238416207989e-04
1.160000000000000000e+03 5.510897394844765235e-04
1.180000000000000000e+03 5.153998212363543547e-04
1.200000000000000000e+03 4.802660602615151510e-04
1.220000000000000000e+03 4.468262666681146133e-04
1.240000000000000000e+03 4.542756432749958488e-04
1.260000000000000000e+03 4.189705879468911599e-04
1.280000000000000000e+03 4.283407785800871564e-04
1.300000000000000000e+03 4.179998149269255358e-04
1.320000000000000000e+03 4.171153028904800789e-04
1.340000000000000000e+03 4.400436294875914351e-04
1.360000000000000000e+03 4.438940825047365656e-04
1.380000000000000000e+03 4.259833516413895132e-04
1.400000000000000000e+03 3.684994894993979891e-04
1.420000000000000000e+03 3.494837224746610307e-04
1.440000000000000000e+03 3.435107909475003623e-04
1.460000000000000000e+03 3.612998751853133649e-04
1.480000000000000000e+03 3.595308912770651673e-04
1.500000000000000000e+03 3.485484063442989859e-04
1.520000000000000000e+03 3.587704933533715653e-04
1.540000000000000000e+03 3.508597475957630964e-04
1.560000000000000000e+03 3.174392248823892210e-04
1.580000000000000000e+03 3.165547199555027451e-04
1.600000000000000000e+03 2.905612118445747584e-04
1.620000000000000000e+03 2.744720851290211256e-04
1.640000000000000000e+03 3.019946832867493746e-04
1.660000000000000000e+03 2.870077557384488024e-04
1.680000000000000000e+03 2.713172671328905466e-04
1.700000000000000000e+03 2.853489095773630198e-04
1.720000000000000000e+03 2.728087251752832473e-04
1.740000000000000000e+03 2.682833323250539970e-04
1.760000000000000000e+03 2.514337257231118302e-04
1.780000000000000000e+03 2.715029030790375121e-04
1.800000000000000000e+03 2.574556841692442286e-04
1.820000000000000000e+03 2.480950295827677563e-04
1.840000000000000000e+03 2.357647373181619437e-04
1.860000000000000000e+03 2.186686411922817114e-04
1.880000000000000000e+03 2.199433210843419534e-04
1.900000000000000000e+03 2.226034262166331774e-04
1.920000000000000000e+03 2.263225652455491438e-04
1.940000000000000000e+03 2.335340068676262362e-04
1.960000000000000000e+03 2.292073971109260817e-04
1.980000000000000000e+03 2.403638212603829982e-04
2.000000000000000000e+03 2.267510099635123807e-04
2.020000000000000000e+03 2.073385067623691549e-04
2.040000000000000000e+03 1.964543696582173255e-04
2.060000000000000000e+03 1.798290690235356145e-04
2.080000000000000000e+03 1.923362957339155562e-04
2.100000000000000000e+03 1.849404092862419436e-04
2.120000000000000000e+03 1.956436326497481106e-04
2.140000000000000000e+03 1.981649730830828567e-04
2.160000000000000000e+03 1.834032807770623861e-04
2.180000000000000000e+03 1.717765578670579177e-04
2.200000000000000000e+03 1.722667454865203275e-04
2.220000000000000000e+03 1.749486418273361172e-04
2.240000000000000000e+03 1.741952515339221716e-04
2.260000000000000000e+03 1.656080703641692479e-04
2.280000000000000000e+03 1.721761837375886334e-04
2.300000000000000000e+03 1.502421467330500293e-04
2.320000000000000000e+03 1.445445008823976281e-04
2.340000000000000000e+03 1.435166725631674845e-04
2.360000000000000000e+03 1.540837256026025880e-04
2.380000000000000000e+03 1.415344348251972148e-04
2.400000000000000000e+03 1.401270787937212309e-04
2.420000000000000000e+03 1.535262706524353528e-04
2.440000000000000000e+03 1.389826780145603539e-04
2.460000000000000000e+03 1.353919985244334174e-04
2.480000000000000000e+03 1.384129403259860510e-04
2.500000000000000000e+03 1.434156045705693694e-04
2.520000000000000000e+03 1.227552254154882496e-04
2.540000000000000000e+03 1.299776820178187727e-04
2.560000000000000000e+03 1.290501453344888752e-04
2.580000000000000000e+03 1.257650628496227360e-04
2.600000000000000000e+03 1.322166639767617517e-04
2.620000000000000000e+03 1.350631096342854191e-04
2.640000000000000000e+03 1.269606599984016788e-04
2.660000000000000000e+03 1.172444951792501067e-04
2.680000000000000000e+03 1.166149598304204172e-04
2.700000000000000000e+03 1.166201534770669029e-04
2.720000000000000000e+03 1.111921892052465514e-04
2.740000000000000000e+03 1.073743986022500081e-04
2.760000000000000000e+03 1.037091364404996922e-04
2.780000000000000000e+03 1.064737024438925446e-04
2.800000000000000000e+03 1.196054591783586433e-04
2.820000000000000000e+03 1.201017318473467023e-04
2.840000000000000000e+03 1.130890836352937192e-04
2.860000000000000000e+03 1.052362137847939652e-04
2.880000000000000000e+03 9.832998817399857456e-05
2.900000000000000000e+03 1.025951787844863096e-04
2.920000000000000000e+03 1.024528361697144973e-04
2.940000000000000000e+03 1.002233143972500477e-04
2.960000000000000000e+03 9.600710508033346332e-05
2.980000000000000000e+03 9.623727529674657431e-05
3.000000000000000000e+03 1.037446498605724472e-04
3.020000000000000000e+03 9.742967537862362397e-05
3.040000000000000000e+03 9.179614560873256370e-05
3.060000000000000000e+03 9.352287842862770607e-05
3.080000000000000000e+03 9.254381585003020473e-05
3.100000000000000000e+03 9.565678315317662048e-05
3.120000000000000000e+03 9.090822901216706327e-05
3.140000000000000000e+03 8.957159339804813322e-05
3.160000000000000000e+03 8.582649255685107447e-05
3.180000000000000000e+03 7.822701401797690544e-05
3.200000000000000000e+03 8.419929229272115278e-05
3.220000000000000000e+03 8.962096535339540563e-05
3.240000000000000000e+03 8.829742571887476952e-05
3.260000000000000000e+03 8.749461053771740088e-05
3.280000000000000000e+03 8.814964640433764834e-05
3.300000000000000000e+03 8.869729188964679269e-05
3.320000000000000000e+03 8.574842259351956469e-05
3.340000000000000000e+03 8.143178820703005387e-05
3.360000000000000000e+03 7.848049901866806992e-05
3.380000000000000000e+03 7.412434039767105270e-05
3.400000000000000000e+03 7.770643041315489642e-05
3.420000000000000000e+03 7.461346469962383185e-05
3.440000000000000000e+03 7.915616896741991583e-05
3.460000000000000000e+03 7.446034799092564175e-05
3.480000000000000000e+03 7.167372122617860885e-05
3.500000000000000000e+03 6.966044788293671887e-05
3.520000000000000000e+03 6.891260181922651332e-05
3.540000000000000000e+03 7.071049488351503266e-05
3.560000000000000000e+03 6.864649515668080080e-05
3.580000000000000000e+03 6.427884516459316043e-05
3.600000000000000000e+03 6.377650399942531791e-05
3.620000000000000000e+03 6.750800550215846677e-05
3.640000000000000000e+03 6.510284754030309083e-05
3.660000000000000000e+03 6.400765385462552548e-05
3.680000000000000000e+03 6.809111723090404355e-05
3.700000000000000000e+03 6.296569694183344558e-05
3.720000000000000000e+03 5.749896412620415618e-05
3.740000000000000000e+03 6.143404915995817649e-05
3.760000000000000000e+03 6.201030067018293537e-05
3.780000000000000000e+03 6.375439988562136065e-05
3.800000000000000000e+03 6.147207142290998230e-05
3.820000000000000000e+03 5.713858027620889317e-05
3.840000000000000000e+03 5.832817366689703329e-05
3.860000000000000000e+03 5.327051347841087631e-05
3.880000000000000000e+03 5.421570923803635788e-05
3.900000000000000000e+03 5.106928718322263216e-05
3.920000000000000000e+03 5.292516608574638503e-05
3.940000000000000000e+03 5.491256933508604615e-05
3.960000000000000000e+03 5.298990084375723264e-05
3.980000000000000000e+03 5.161045610845154010e-05
4.000000000000000000e+03 5.161273795408869867e-05
4.020000000000000000e+03 5.771285894460814032e-05
4.040000000000000000e+03 5.261082886408983039e-05
4.060000000000000000e+03 4.658318544921682589e-05
4.080000000000000000e+03 4.885111484350214346e-05
4.100000000000000000e+03 5.031280941660736319e-05
4.120000000000000000e+03 4.938659627057783927e-05
4.140000000000000000e+03 4.826462919558264310e-05
4.160000000000000000e+03 4.840827010591760752e-05
4.180000000000000000e+03 5.012244491885447693e-05
4.200000000000000000e+03 4.581646071405253681e-05
4.220000000000000000e+03 4.418229244359092096e-05
4.240000000000000000e+03 4.655872760736824012e-05
4.260000000000000000e+03 5.024748443512039726e-05
4.280000000000000000e+03 5.150651686915230738e-05
4.300000000000000000e+03 4.744915469332431149e-05
4.320000000000000000e+03 4.414926694545083155e-05
4.340000000000000000e+03 4.297779051162815410e-05
4.360000000000000000e+03 4.598098652221986170e-05
4.380000000000000000e+03 4.380742582256616860e-05
4.400000000000000000e+03 4.618311339660977131e-05
4.420000000000000000e+03 4.731088838408297858e-05
4.440000000000000000e+03 4.496931361923356537e-05
4.460000000000000000e+03 4.186375940946389726e-05
4.480000000000000000e+03 3.966312857262066559e-05
4.500000000000000000e+03 3.678812181875117289e-05
4.520000000000000000e+03 3.811734563774498872e-05
4.540000000000000000e+03 3.722388473635196253e-05
4.560000000000000000e+03 4.023674903594514539e-05
4.580000000000000000e+03 3.952259712459361187e-05
4.600000000000000000e+03 3.716283987820792985e-05
4.620000000000000000e+03 3.654847910363090327e-05
4.640000000000000000e+03 3.705882830352935224e-05
4.660000000000000000e+03 3.570914494170262854e-05
4.680000000000000000e+03 3.597527358144885027e-05
4.700000000000000000e+03 3.440747669864750632e-05
4.720000000000000000e+03 3.527045501253249358e-05
4.740000000000000000e+03 3.627121741737521958e-05
4.760000000000000000e+03 3.378461564565798193e-05
4.780000000000000000e+03 3.324096293702274920e-05
4.800000000000000000e+03 3.394974860457817802e-05
4.820000000000000000e+03 3.697839180657612641e-05
4.840000000000000000e+03 3.461678137013083132e-05
4.860000000000000000e+03 3.325278765081388793e-05
4.880000000000000000e+03 3.279229195155220828e-05
4.900000000000000000e+03 3.264633063290360928e-05
4.920000000000000000e+03 3.422558543906188504e-05
4.940000000000000000e+03 3.187548752045612940e-05
4.960000000000000000e+03 3.039941914707065013e-05
4.980000000000000000e+03 3.103213330121178126e-05
5.000000000000000000e+03 3.144956141538887863e-05
5.020000000000000000e+03 2.911757325815684497e-05
5.040000000000000000e+03 3.051955802842846885e-05
5.060000000000000000e+03 3.044551706651750579e-05
5.080000000000000000e+03 3.021276972255999369e-05
5.100000000000000000e+03 2.984216572909700391e-05
5.120000000000000000e+03 2.995663733288797846e-05
5.140000000000000000e+03 2.922644243891052508e-05
5.160000000000000000e+03 3.163130033527232694e-05
5.180000000000000000e+03 2.973118485073254029e-05
5.200000000000000000e+03 3.076946715225197047e-05
5.220000000000000000e+03 3.073869521124143555e-05
5.240000000000000000e+03 2.987833554189911695e-05
5.260000000000000000e+03 3.064110774869601984e-05
5.280000000000000000e+03 3.180692517641426622e-05
5.300000000000000000e+03 2.921275969518990825e-05
5.320000000000000000e+03 2.632641732013217800e-05
5.340000000000000000e+03 2.689421521875270130e-05
5.360000000000000000e+03 2.597649691825445575e-05
5.380000000000000000e+03 2.712465353501239908e-05
5.400000000000000000e+03 2.495740186852614607e-05
5.420000000000000000e+03 2.572476266843819922e-05
5.440000000000000000e+03 2.477403087945366766e-05
5.460000000000000000e+03 2.611342554228949156e-05
5.480000000000000000e+03 2.506390074542920972e-05
5.500000000000000000e+03 2.502929266064182171e-05
5.520000000000000000e+03 2.476271989889252377e-05
5.540000000000000000e+03 2.534102119042953816e-05
5.560000000000000000e+03 2.471517783069506123e-05
5.580000000000000000e+03 2.478753255937067888e-05
5.600000000000000000e+03 2.662486914379327030e-05
5.620000000000000000e+03 2.669129747395521026e-05
5.640000000000000000e+03 2.404662936628126861e-05
5.660000000000000000e+03 2.460895395471762392e-05
5.680000000000000000e+03 2.180424821532687981e-05
5.700000000000000000e+03 2.124782920969181803e-05
5.720000000000000000e+03 2.177900079147143756e-05
5.740000000000000000e+03 2.365878051588664625e-05
5.760000000000000000e+03 2.340770402989842715e-05
5.780000000000000000e+03 2.314214497946218152e-05
5.800000000000000000e+03 2.346409162721466331e-05
5.820000000000000000e+03 2.090782495389661164e-05
5.840000000000000000e+03 2.080003555031155260e-05
5.860000000000000000e+03 2.110236254760863590e-05
5.880000000000000000e+03 2.070406000915515335e-05
5.900000000000000000e+03 2.117703842166741558e-05
5.920000000000000000e+03 2.030604027524095180e-05
5.940000000000000000e+03 1.967793621308924938e-05
5.960000000000000000e+03 1.923890840325576226e-05
5.980000000000000000e+03 2.055218056314892812e-05
6.000000000000000000e+03 2.211321353539812408e-05
6.020000000000000000e+03 2.071864774604945605e-05
6.040000000000000000e+03 1.994662741104715958e-05
6.060000000000000000e+03 1.868422524712546885e-05
6.080000000000000000e+03 1.870731064936401622e-05
6.100000000000000000e+03 1.973118013562767144e-05
6.120000000000000000e+03 2.055788068385927051e-05
6.140000000000000000e+03 2.104411545908976188e-05
6.160000000000000000e+03 1.958659719892886058e-05
6.180000000000000000e+03 1.995491833158828963e-05
6.200000000000000000e+03 1.951837336482918820e-05
6.220000000000000000e+03 1.939790575006355132e-05
6.240000000000000000e+03 2.003955790650667387e-05
6.260000000000000000e+03 1.906385780011093161e-05
6.280000000000000000e+03 1.874099784965466747e-05
6.300000000000000000e+03 1.842377626973516096e-05
6.320000000000000000e+03 1.776241267240482731e-05
6.340000000000000000e+03 1.691317914547460713e-05
6.360000000000000000e+03 1.703108806691018602e-05
6.380000000000000000e+03 1.764051729252501174e-05
6.400000000000000000e+03 1.726567758976144159e-05
6.420000000000000000e+03 1.734336661694908587e-05
6.440000000000000000e+03 1.589066822924811798e-05
6.460000000000000000e+03 1.654938004067172668e-05
6.480000000000000000e+03 1.701981931310484250e-05
6.500000000000000000e+03 1.810286386015320424e-05
6.520000000000000000e+03 1.729468617633641398e-05
6.540000000000000000e+03 1.619510357096835368e-05
6.560000000000000000e+03 1.609290986006750121e-05
6.580000000000000000e+03 1.680155591123157208e-05
6.600000000000000000e+03 1.645325875258261633e-05
6.620000000000000000e+03 1.679182070871877103e-05
6.640000000000000000e+03 1.693522944145339179e-05
6.660000000000000000e+03 1.739100227701216310e-05
6.680000000000000000e+03 1.647282827706356479e-05
6.700000000000000000e+03 1.534856840776968037e-05
6.720000000000000000e+03 1.670408558296691975e-05
6.740000000000000000e+03 1.506704414476676721e-05
6.760000000000000000e+03 1.485650861957992281e-05
6.780000000000000000e+03 1.446917054578748535e-05
6.800000000000000000e+03 1.315868057988574221e-05
6.820000000000000000e+03 1.320722697951039503e-05
6.840000000000000000e+03 1.495945527297593193e-05
6.860000000000000000e+03 1.480135081519073769e-05
6.880000000000000000e+03 1.447617472419670624e-05
6.900000000000000000e+03 1.442266386485327748e-05
6.920000000000000000e+03 1.320870331887875922e-05
6.940000000000000000e+03 1.256250753487034331e-05
6.960000000000000000e+03 1.231474624505368575e-05
6.980000000000000000e+03 1.301203517726385088e-05
7.000000000000000000e+03 1.355760958761563599e-05
7.020000000000000000e+03 1.237415837716805148e-05
7.040000000000000000e+03 1.267448817817358971e-05
7.060000000000000000e+03 1.349161781399207702e-05
7.080000000000000000e+03 1.367096533756998626e-05
7.100000000000000000e+03 1.181917955803211867e-05
7.120000000000000000e+03 1.273495607946380355e-05
7.140000000000000000e+03 1.225518159149388524e-05
7.160000000000000000e+03 1.287711658617611144e-05
7.180000000000000000e+03 1.341939441238592797e-05
7.200000000000000000e+03 1.308118625950813975e-05
7.220000000000000000e+03 1.331944673749159286e-05
7.240000000000000000e+03 1.219170649222084090e-05
7.260000000000000000e+03 1.250861749722912858e-05
7.280000000000000000e+03 1.382366155472681311e-05
7.300000000000000000e+03 1.385192705553747616e-05
7.320000000000000000e+03 1.279783400658462680e-05
7.340000000000000000e+03 1.124420204943352245e-05
7.360000000000000000e+03 1.172940559000287995e-05
7.380000000000000000e+03 1.202750973967298240e-05
7.400000000000000000e+03 1.131223598921537325e-05
7.420000000000000000e+03 1.110349015593354005e-05
7.440000000000000000e+03 1.098284819560630674e-05
7.460000000000000000e+03 1.162864316550220638e-05
7.480000000000000000e+03 1.137565561094647113e-05
7.500000000000000000e+03 1.074341465986485224e-05
7.520000000000000000e+03 1.132790901550168214e-05
7.540000000000000000e+03 1.127739145408544226e-05
7.560000000000000000e+03 1.103497719557874604e-05
7.580000000000000000e+03 1.105908008063430346e-05
7.600000000000000000e+03 1.124169701711861506e-05
7.620000000000000000e+03 1.161325111189686607e-05
7.640000000000000000e+03 1.075786153968806803e-05
7.660000000000000000e+03 1.037167527492172858e-05
7.680000000000000000e+03 1.011549326105393734e-05
7.700000000000000000e+03 1.072978628155335546e-05
7.720000000000000000e+03 1.064355284910548906e-05
7.740000000000000000e+03 1.030706591684281683e-05
7.760000000000000000e+03 1.008217800223707461e-05
7.780000000000000000e+03 1.024758074011814834e-05
7.800000000000000000e+03 9.791311243410703388e-06
7.820000000000000000e+03 9.978259991617178761e-06
7.840000000000000000e+03 1.057189951199534331e-05
7.860000000000000000e+03 1.101629284046603092e-05
7.880000000000000000e+03 1.016028074240202531e-05
7.900000000000000000e+03 9.261281519157088337e-06
7.920000000000000000e+03 9.799355372904510104e-06
7.940000000000000000e+03 9.927464368169752762e-06
7.960000000000000000e+03 1.038438261201726346e-05
7.980000000000000000e+03 1.048013853348002263e-05
8.000000000000000000e+03 9.465116869265663744e-06
8.020000000000000000e+03 9.315300490141744470e-06
8.040000000000000000e+03 9.752274627593617807e-06
8.060000000000000000e+03 9.482043652074823896e-06
8.080000000000000000e+03 9.551174874163763067e-06
8.100000000000000000e+03 9.586715984850510450e-06
8.120000000000000000e+03 9.738799234667336828e-06
8.140000000000000000e+03 9.356345919649488685e-06
8.160000000000000000e+03 9.340377266243488812e-06
8.180000000000000000e+03 9.241423250265159853e-06
8.200000000000000000e+03 9.045808619702700115e-06
8.220000000000000000e+03 9.900486285674986605e-06
8.240000000000000000e+03 9.880045415398448907e-06
8.260000000000000000e+03 9.801414544388216491e-06
8.280000000000000000e+03 8.962913396595715814e-06
8.300000000000000000e+03 8.976245542620177149e-06
8.320000000000000000e+03 8.469492758743125892e-06
8.340000000000000000e+03 8.101490510443756270e-06
8.360000000000000000e+03 8.612300898812590239e-06
8.380000000000000000e+03 8.528683391625925764e-06
8.400000000000000000e+03 8.007081100102903925e-06
8.420000000000000000e+03 8.081922990564939884e-06
8.440000000000000000e+03 8.454076333139040982e-06
8.460000000000000000e+03 8.913813432766894861e-06
8.480000000000000000e+03 8.927621984967204049e-06
8.500000000000000000e+03 8.114887436251307651e-06
8.520000000000000000e+03 7.524097437322475193e-06
8.540000000000000000e+03 8.291920909449083005e-06
8.560000000000000000e+03 7.998852117921664628e-06
8.580000000000000000e+03 7.874159101921530881e-06
8.600000000000000000e+03 8.042918401011184059e-06
8.620000000000000000e+03 7.688639663142458184e-06
8.640000000000000000e+03 7.470999652947847793e-06
8.660000000000000000e+03 7.064718804706065823e-06
8.680000000000000000e+03 7.661706690531295671e-06
8.700000000000000000e+03 8.137919157840619612e-06
8.720000000000000000e+03 7.905760253705966702e-06
8.740000000000000000e+03 7.887228506851794456e-06
8.760000000000000000e+03 7.365648222005399893e-06
8.780000000000000000e+03 7.393062097699713203e-06
8.800000000000000000e+03 7.839742963006394864e-06
8.820000000000000000e+03 7.841799814111547035e-06
8.840000000000000000e+03 7.725399070976776358e-06
8.860000000000000000e+03 7.723698340242270656e-06
8.880000000000000000e+03 7.437601156582226850e-06
8.900000000000000000e+03 7.597169333043480223e-06
8.920000000000000000e+03 7.432822772107513288e-06
8.940000000000000000e+03 6.856914286537232226e-06
8.960000000000000000e+03 6.813547111362023971e-06
8.980000000000000000e+03 7.355971796808120394e-06
9.000000000000000000e+03 6.912249867748469884e-06
9.020000000000000000e+03 6.938644206552290466e-06
9.040000000000000000e+03 7.298501491847065230e-06
9.060000000000000000e+03 7.736239191511608864e-06
9.080000000000000000e+03 7.565457581363471151e-06
9.100000000000000000e+03 6.863942584416702029e-06
9.120000000000000000e+03 6.975538430182102159e-06
9.140000000000000000e+03 6.977114451848979097e-06
9.160000000000000000e+03 6.832521110174692858e-06
9.180000000000000000e+03 7.488380710506769508e-06
9.200000000000000000e+03 6.845757122420314537e-06
9.220000000000000000e+03 6.230522441234488666e-06
9.240000000000000000e+03 6.402268685869781184e-06
9.260000000000000000e+03 6.386861147640777443e-06
9.280000000000000000e+03 6.326899652472077240e-06
9.300000000000000000e+03 6.722586832635459684e-06
9.320000000000000000e+03 6.426865711305261419e-06
9.340000000000000000e+03 6.418416110553782969e-06
9.360000000000000000e+03 6.463470827342116802e-06
9.380000000000000000e+03 6.200187593833916369e-06
9.400000000000000000e+03 5.729511296436320489e-06
9.420000000000000000e+03 6.413472510409162761e-06
9.440000000000000000e+03 6.946939865724915798e-06
9.460000000000000000e+03 6.134159571771872806e-06
9.480000000000000000e+03 5.881441882658003377e-06
9.500000000000000000e+03 5.871829912722945508e-06
9.520000000000000000e+03 5.775396422886085982e-06
9.540000000000000000e+03 5.680493641737673568e-06
9.560000000000000000e+03 5.437234577053511065e-06
9.580000000000000000e+03 5.699540064284919737e-06
9.600000000000000000e+03 5.988665019827027929e-06
9.620000000000000000e+03 5.345364328412244032e-06
9.640000000000000000e+03 5.279330431355520442e-06
9.660000000000000000e+03 5.576780857670665472e-06
9.680000000000000000e+03 5.400184337948182044e-06
9.700000000000000000e+03 5.468719829214520072e-06
9.720000000000000000e+03 5.530382885137201640e-06
9.740000000000000000e+03 5.371687609770154552e-06
9.760000000000000000e+03 5.133598496508774483e-06
9.780000000000000000e+03 5.434868813739951568e-06
9.800000000000000000e+03 5.098571477196035146e-06
9.820000000000000000e+03 4.622437260758407941e-06
9.840000000000000000e+03 4.950028766400881628e-06
9.860000000000000000e+03 5.286682342380839811e-06
9.880000000000000000e+03 5.286650457887960618e-06
9.900000000000000000e+03 5.486811535291364668e-06
9.920000000000000000e+03 5.394421830775549468e-06
9.940000000000000000e+03 4.903498615352539659e-06
9.960000000000000000e+03 5.243872758171592315e-06
9.980000000000000000e+03 4.680451444247033728e-06
1.000000000000000000e+04 4.767270791825850032e-06
1.002000000000000000e+04 5.156831692900133963e-06
1.004000000000000000e+04 5.024158088781573087e-06
1.006000000000000000e+04 4.809029108465975016e-06
1.008000000000000000e+04 4.711078487227769787e-06
1.010000000000000000e+04 4.761071772411932158e-06
1.012000000000000000e+04 4.898179346402504340e-06
1.014000000000000000e+04 4.446688739158861077e-06
1.016000000000000000e+04 4.364193067611482422e-06
1.018000000000000000e+04 4.325790999281210077e-06
1.020000000000000000e+04 4.907357144470957294e-06
1.022000000000000000e+04 4.825822869032426408e-06
1.024000000000000000e+04 4.359707447532287750e-06
1.026000000000000000e+04 4.651166861145397864e-06
1.028000000000000000e+04 4.664771157014949373e-06
1.030000000000000000e+04 4.684682026753252036e-06
1.032000000000000000e+04 4.850113216405767776e-06
1.034000000000000000e+04 4.874176703647660601e-06
1.036000000000000000e+04 4.746063633797216265e-06
1.038000000000000000e+04 4.424925081788954871e-06
1.040000000000000000e+04 4.761882597781366260e-06
1.042000000000000000e+04 4.664960980794756329e-06
1.044000000000000000e+04 4.179451087107903195e-06
1.046000000000000000e+04 3.980186902638176380e-06
1.048000000000000000e+04 3.923449756090983262e-06
1.050000000000000000e+04 3.869163603014388071e-06
1.052000000000000000e+04 4.496199678572616438e-06
1.054000000000000000e+04 4.837823384266851581e-06
1.056000000000000000e+04 4.472418463222732718e-06
1.058000000000000000e+04 4.166076385214854151e-06
1.060000000000000000e+04 4.068222686943123533e-06
1.062000000000000000e+04 3.863396242786282750e-06
1.064000000000000000e+04 3.851333846366570487e-06
1.066000000000000000e+04 3.733390039758642608e-06
1.068000000000000000e+04 3.931083566899044408e-06
1.070000000000000000e+04 4.021086994599839475e-06
1.072000000000000000e+04 3.941420227406640052e-06
1.074000000000000000e+04 3.885856444015225742e-06
1.076000000000000000e+04 3.919258713313732058e-06
1.078000000000000000e+04 3.760514929593020559e-06
1.080000000000000000e+04 3.697322054742013471e-06
1.082000000000000000e+04 3.352751512711504480e-06
1.084000000000000000e+04 3.640418234139327374e-06
1.086000000000000000e+04 3.797954007794297545e-06
1.088000000000000000e+04 3.491976520036731731e-06
1.090000000000000000e+04 3.498862130140685954e-06
1.092000000000000000e+04 3.713144401929467986e-06
1.094000000000000000e+04 3.641363379888439113e-06
1.096000000000000000e+04 3.455262939238627080e-06
1.098000000000000000e+04 3.750056681832310014e-06
1.100000000000000000e+04 3.736796449224149151e-06
1.102000000000000000e+04 3.631604595879818555e-06
1.104000000000000000e+04 3.539187925877382627e-06
1.106000000000000000e+04 3.517600542166026140e-06
1.108000000000000000e+04 3.557980933642401054e-06
1.110000000000000000e+04 3.196668765164831252e-06
1.112000000000000000e+04 3.132292807657121718e-06
1.114000000000000000e+04 3.304025184296601636e-06
1.116000000000000000e+04 3.315865534004155972e-06
1.118000000000000000e+04 3.167225956713601608e-06
1.120000000000000000e+04 3.045373893162187485e-06
1.122000000000000000e+04 3.353448436797235344e-06
1.124000000000000000e+04 3.046048210592532059e-06
1.126000000000000000e+04 3.022911602032367930e-06
1.128000000000000000e+04 3.132776058386268272e-06
1.130000000000000000e+04 3.071263329588559990e-06
1.132000000000000000e+04 3.177078756164628111e-06
1.134000000000000000e+04 3.250599003908118145e-06
1.136000000000000000e+04 2.993263876797427768e-06
1.138000000000000000e+04 3.007456232076675171e-06
1.140000000000000000e+04 2.966654638251420020e-06
1.142000000000000000e+04 2.891061880224481035e-06
1.144000000000000000e+04 3.012152324086835273e-06
1.146000000000000000e+04 3.154718251160480004e-06
1.148000000000000000e+04 3.068622244608471993e-06
1.150000000000000000e+04 3.163193203153394771e-06
1.152000000000000000e+04 3.025580024355693115e-06
1.154000000000000000e+04 2.925797393758585105e-06
1.156000000000000000e+04 2.977671319168009966e-06
1.158000000000000000e+04 2.972887762438719255e-06
1.160000000000000000e+04 3.092094405930026017e-06
1.162000000000000000e+04 2.836287609918642916e-06
1.164000000000000000e+04 2.887208762820560083e-06
1.166000000000000000e+04 2.757552821200274940e-06
1.168000000000000000e+04 2.371260485000353403e-06
1.170000000000000000e+04 2.660482236462977749e-06
1.172000000000000000e+04 2.568744501893087009e-06
1.174000000000000000e+04 2.405821557187071530e-06
1.176000000000000000e+04 2.363124014139797232e-06
1.178000000000000000e+04 2.432661731408535219e-06
1.180000000000000000e+04 2.584345984554634124e-06
1.182000000000000000e+04 2.493103196287460169e-06
1.184000000000000000e+04 2.488553151938012943e-06
1.186000000000000000e+04 2.509908877959828734e-06
1.188000000000000000e+04 2.492580250210166877e-06
1.190000000000000000e+04 2.523020643344239113e-06
1.192000000000000000e+04 2.218565310383605526e-06
1.194000000000000000e+04 2.351219346759774700e-06
1.196000000000000000e+04 2.411909106156432945e-06
1.198000000000000000e+04 2.260467737088993478e-06
1.200000000000000000e+04 2.324681811188804637e-06
1.202000000000000000e+04 2.372681890548529975e-06
1.204000000000000000e+04 2.389159655009803354e-06
1.206000000000000000e+04 2.406308014285427870e-06
1.208000000000000000e+04 2.226483672500913522e-06
1.210000000000000000e+04 2.233634410760644672e-06
1.212000000000000000e+04 2.231489276977595664e-06
1.214000000000000000e+04 2.347628211605702389e-06
1.216000000000000000e+04 2.174744692212191101e-06
1.218000000000000000e+04 2.092223007944304284e-06
1.220000000000000000e+04 2.050327373797969586e-06
1.222000000000000000e+04 2.132903777100803681e-06
1.224000000000000000e+04 2.239278030139905304e-06
1.226000000000000000e+04 2.222716638749809997e-06
1.228000000000000000e+04 2.081283033252794075e-06
1.230000000000000000e+04 2.104049007995548841e-06
1.232000000000000000e+04 1.999679543974068096e-06
1.234000000000000000e+04 2.050173400094054055e-06
1.236000000000000000e+04 2.012217763180551148e-06
1.238000000000000000e+04 2.022129537581709595e-06
1.240000000000000000e+04 2.099162103782525476e-06
1.242000000000000000e+04 2.033263008256584639e-06
1.244000000000000000e+04 2.020797021731059615e-06
1.246000000000000000e+04 2.116978834867587367e-06
1.248000000000000000e+04 1.929588229772211659e-06
1.250000000000000000e+04 1.748279696968603872e-06
1.252000000000000000e+04 1.905141610061499187e-06
1.254000000000000000e+04 1.918461468189600192e-06
1.256000000000000000e+04 1.714588336296925390e-06
1.258000000000000000e+04 1.860012204264613720e-06
1.260000000000000000e+04 1.944513994140075025e-06
1.262000000000000000e+04 1.831876896987121006e-06
1.264000000000000000e+04 1.764763020446796464e-06
1.266000000000000000e+04 1.855633179696497873e-06
1.268000000000000000e+04 1.731520701003567582e-06
1.270000000000000000e+04 1.747823374551733227e-06
1.272000000000000000e+04 1.802510672704204413e-06
1.274000000000000000e+04 1.622843402529765796e-06
1.276000000000000000e+04 1.563883285968356444e-06
1.278000000000000000e+04 1.682785475283059928e-06
1.280000000000000000e+04 1.775906573800448499e-06
1.282000000000000000e+04 1.717259379485530704e-06
1.284000000000000000e+04 1.679439171480321752e-06
1.286000000000000000e+04 1.629346704325274016e-06
1.288000000000000000e+04 1.589251562119663331e-06
1.290000000000000000e+04 1.580921966336820146e-06
1.292000000000000000e+04 1.658956727762509607e-06
1.294000000000000000e+04 1.685114617471000240e-06
1.296000000000000000e+04 1.508919992346599065e-06
1.298000000000000000e+04 1.625978326318518185e-06
1.300000000000000000e+04 1.601297877011760259e-06
1.302000000000000000e+04 1.502223910280492535e-06
1.304000000000000000e+04 1.556993647628530014e-06
1.306000000000000000e+04 1.602174934094479336e-06
1.308000000000000000e+04 1.524035878102267221e-06
1.310000000000000000e+04 1.495422793018377968e-06
1.312000000000000000e+04 1.504273197623055426e-06
1.314000000000000000e+04 1.489646340206537615e-06
1.316000000000000000e+04 1.523497483920482965e-06
1.318000000000000000e+04 1.525137231554938795e-06
1.320000000000000000e+04 1.351495727495096644e-06
1.322000000000000000e+04 1.349257239351948903e-06
1.324000000000000000e+04 1.412736484561962567e-06
1.326000000000000000e+04 1.436497619869574477e-06
1.328000000000000000e+04 1.431996714527061966e-06
1.330000000000000000e+04 1.354302851962254379e-06
1.332000000000000000e+04 1.236299795987112633e-06
1.334000000000000000e+04 1.272161088598579291e-06
1.336000000000000000e+04 1.361776451080758079e-06
1.338000000000000000e+04 1.248497302250767436e-06
1.340000000000000000e+04 1.280831733181018883e-06
1.342000000000000000e+04 1.317452922564047703e-06
1.344000000000000000e+04 1.375453499607710549e-06
1.346000000000000000e+04 1.374310141679199680e-06
1.348000000000000000e+04 1.336668026066557417e-06
1.350000000000000000e+04 1.242719483229334201e-06
1.352000000000000000e+04 1.112243307736568619e-06
1.354000000000000000e+04 1.140433423042771065e-06
1.356000000000000000e+04 1.127564997013813190e-06
1.358000000000000000e+04 1.146384753034742547e-06
1.360000000000000000e+04 1.131389278607223464e-06
1.362000000000000000e+04 1.183736707650437503e-06
1.364000000000000000e+04 1.224074043772889007e-06
1.366000000000000000e+04 1.106445428082882964e-06
1.368000000000000000e+04 1.164049024560232201e-06
1.370000000000000000e+04 1.203812092590038118e-06
1.372000000000000000e+04 1.153534594894106561e-06
1.374000000000000000e+04 1.100812541373556539e-06
1.376000000000000000e+04 1.068436356147269986e-06
1.378000000000000000e+04 1.048111695359447895e-06
1.380000000000000000e+04 1.008642038444064003e-06
1.382000000000000000e+04 1.038413369042524215e-06
1.384000000000000000e+04 1.083103962538844274e-06
1.386000000000000000e+04 1.060084168415129556e-06
1.388000000000000000e+04 1.023492171390269268e-06
1.390000000000000000e+04 1.010646549986079430e-06
1.392000000000000000e+04 1.030128345262586889e-06
1.394000000000000000e+04 1.035463854634922173e-06
1.396000000000000000e+04 9.823562824413282291e-07
1.398000000000000000e+04 9.532157767669320973e-07
1.400000000000000000e+04 9.435478474496050623e-07
1.402000000000000000e+04 9.555194706736068744e-07
1.404000000000000000e+04 1.019417530960726361e-06
1.406000000000000000e+04 1.010690143594986907e-06
1.408000000000000000e+04 9.099214239120415197e-07
1.410000000000000000e+04 9.516556257305053522e-07
1.412000000000000000e+04 9.240949112890362674e-07
1.414000000000000000e+04 8.987488465268132206e-07
1.416000000000000000e+04 8.993277732906981755e-07
1.418000000000000000e+04 8.835197023440530213e-07
1.420000000000000000e+04 8.181913033017828685e-07
1.422000000000000000e+04 8.259315070774106045e-07
1.424000000000000000e+04 8.753988240018398476e-07
1.426000000000000000e+04 8.880965826886315465e-07
1.428000000000000000e+04 9.037210255293408072e-07
1.430000000000000000e+04 8.387385519545016186e-07
1.432000000000000000e+04 7.781121418946670179e-07
1.434000000000000000e+04 7.407624488691292939e-07
1.436000000000000000e+04 7.805203526586635237e-07
1.438000000000000000e+04 8.691973980446001613e-07
1.440000000000000000e+04 8.885893460507373278e-07
1.442000000000000000e+04 8.382758526417021560e-07
1.444000000000000000e+04 7.165913745933891373e-07
1.446000000000000000e+04 6.916867144211526825e-07
1.448000000000000000e+04 6.884222668936529333e-07
1.450000000000000000e+04 7.308181287165605061e-07
1.452000000000000000e+04 6.901912100715574064e-07
1.454000000000000000e+04 6.733319158638566294e-07
1.456000000000000000e+04 6.836884440057394125e-07
1.458000000000000000e+04 6.966508097663540162e-07
1.460000000000000000e+04 7.011194028534276445e-07
1.462000000000000000e+04 7.299689986203729485e-07
1.464000000000000000e+04 7.316776297634065224e-07
1.466000000000000000e+04 6.563851515218733070e-07
1.468000000000000000e+04 6.671034062075715698e-07
1.470000000000000000e+04 6.682526489603077109e-07
1.472000000000000000e+04 6.525973123255558400e-07
1.474000000000000000e+04 6.991557027662095348e-07
1.476000000000000000e+04 6.965695276249020786e-07
1.478000000000000000e+04 8.008151682261970667e-07
1.480000000000000000e+04 7.736444140974342614e-07
1.482000000000000000e+04 7.099528158819701134e-07
1.484000000000000000e+04 6.713894056379631311e-07
1.486000000000000000e+04 6.728653813469057740e-07
1.488000000000000000e+04 6.951965647899289056e-07
1.490000000000000000e+04 6.572553594124092215e-07
1.492000000000000000e+04 5.781395561036549603e-07
1.494000000000000000e+04 6.018938111688983752e-07
1.496000000000000000e+04 6.133383078786352813e-07
1.498000000000000000e+04 6.051410114335337424e-07
1.500000000000000000e+04 5.878170231171317718e-07
1.502000000000000000e+04 5.939897158590068289e-07
1.504000000000000000e+04 5.665577820960189799e-07
1.506000000000000000e+04 5.529403360827967573e-07
1.508000000000000000e+04 5.419602867790421376e-07
1.510000000000000000e+04 5.358372789100580600e-07
1.512000000000000000e+04 5.802831371553818442e-07
1.514000000000000000e+04 5.831510543266983735e-07
1.516000000000000000e+04 5.299566125009776970e-07
1.518000000000000000e+04 5.058132618835505740e-07
1.520000000000000000e+04 5.393464504110822505e-07
1.522000000000000000e+04 5.205885502480097772e-07
1.524000000000000000e+04 4.835353790380101999e-07
1.526000000000000000e+04 4.867896802356931485e-07
1.528000000000000000e+04 5.229761515767922759e-07
1.530000000000000000e+04 5.133548479161626223e-07
1.532000000000000000e+04 4.930090025278193944e-07
1.534000000000000000e+04 4.879885764655181775e-07
1.536000000000000000e+04 4.849866726546667374e-07
1.538000000000000000e+04 5.153695378298808509e-07
1.540000000000000000e+04 5.256596350795578966e-07
1.542000000000000000e+04 4.362491572646248632e-07
1.544000000000000000e+04 3.952595593366203648e-07
1.546000000000000000e+04 4.675971956167277271e-07
1.548000000000000000e+04 4.663715220459481247e-07
1.550000000000000000e+04 3.861854241277776891e-07
1.552000000000000000e+04 3.792409836997423538e-07
1.554000000000000000e+04 3.934476183473930480e-07
1.556000000000000000e+04 4.170218346201713126e-07
1.558000000000000000e+04 4.230097885394481254e-07
1.560000000000000000e+04 3.870404093177561035e-07
1.562000000000000000e+04 4.567412993240754403e-07
1.564000000000000000e+04 4.497401889807473645e-07
1.566000000000000000e+04 4.060674509707580939e-07
1.568000000000000000e+04 3.995200961238648548e-07
1.570000000000000000e+04 3.961199012171180902e-07
1.572000000000000000e+04 4.055135056330456821e-07
1.574000000000000000e+04 3.970649859461291457e-07
1.576000000000000000e+04 4.345134688991628735e-07
1.578000000000000000e+04 4.556870778997043783e-07
1.580000000000000000e+04 4.077882337854958150e-07
1.582000000000000000e+04 4.048074994962570856e-07
1.584000000000000000e+04 3.986871350933051941e-07
1.586000000000000000e+04 3.971628746527715396e-07
1.588000000000000000e+04 4.261731011654754927e-07
1.590000000000000000e+04 3.846035415252969286e-07
1.592000000000000000e+04 3.524443588330268647e-07
1.594000000000000000e+04 3.337920469788051583e-07
1.596000000000000000e+04 3.531722641853507529e-07
1.598000000000000000e+04 3.404480751195987887e-07
1.600000000000000000e+04 3.399304762882970141e-07
1.602000000000000000e+04 3.612522416397432975e-07
1.604000000000000000e+04 3.386571071549961013e-07
1.606000000000000000e+04 3.441785240408859576e-07
1.608000000000000000e+04 3.542890881127109207e-07
1.610000000000000000e+04 3.469599729982828915e-07
1.612000000000000000e+04 3.305837773428664193e-07
1.614000000000000000e+04 3.616863042489071873e-07
1.616000000000000000e+04 3.246171090737345880e-07
1.618000000000000000e+04 3.268993006003096114e-07
1.620000000000000000e+04 3.258205411511129466e-07
1.622000000000000000e+04 2.988874505786613173e-07
1.624000000000000000e+04 3.115786823924646940e-07
1.626000000000000000e+04 3.099354903227974068e-07
1.628000000000000000e+04 3.108726087512268121e-07
1.630000000000000000e+04 3.278900401014799927e-07
1.632000000000000000e+04 3.184741373035020074e-07
1.634000000000000000e+04 2.939997961978686038e-07
1.636000000000000000e+04 3.040777511932615269e-07
1.638000000000000000e+04 3.125061253463301292e-07
1.640000000000000000e+04 3.097668046118107339e-07
1.642000000000000000e+04 3.204405391504787639e-07
1.644000000000000000e+04 3.007666923907604161e-07
1.646000000000000000e+04 2.906211320308645253e-07
1.648000000000000000e+04 2.706160355370470398e-07
1.650000000000000000e+04 2.679536097138172462e-07
1.652000000000000000e+04 2.643156294637581090e-07
1.654000000000000000e+04 2.653482224226966907e-07
1.656000000000000000e+04 2.841068218910631261e-07
1.658000000000000000e+04 3.050049621226766734e-07
1.660000000000000000e+04 2.810473653681021116e-07
1.662000000000000000e+04 2.545219281876882450e-07
1.664000000000000000e+04 2.424930826958447719e-07
1.666000000000000000e+04 2.303381861669269475e-07
1.668000000000000000e+04 2.432634756080561819e-07
1.670000000000000000e+04 2.586112885138832668e-07
1.672000000000000000e+04 2.380819541026911967e-07
1.674000000000000000e+04 2.475940563931485472e-07
1.676000000000000000e+04 2.542392982396160653e-07
1.678000000000000000e+04 2.505612900180187823e-07
1.680000000000000000e+04 2.282436524768951901e-07
1.682000000000000000e+04 2.378101794565916783e-07
1.684000000000000000e+04 2.587388749166352240e-07
1.686000000000000000e+04 2.258190224568741323e-07
1.688000000000000000e+04 2.104358350927820860e-07
1.690000000000000000e+04 2.190990313681747574e-07
1.692000000000000000e+04 2.028790854199067537e-07
1.694000000000000000e+04 1.952576056083903714e-07
1.696000000000000000e+04 2.176953989389237195e-07
1.698000000000000000e+04 2.187796094291460022e-07
1.700000000000000000e+04 2.044506732347825119e-07
1.702000000000000000e+04 2.008614570991451580e-07
1.704000000000000000e+04 2.137401684222976536e-07
1.706000000000000000e+04 2.078513347342791441e-07
1.708000000000000000e+04 2.035867750195459334e-07
1.710000000000000000e+04 2.182888443929274867e-07
1.712000000000000000e+04 2.111504256635942922e-07
1.714000000000000000e+04 2.039961404816702625e-07
1.716000000000000000e+04 1.917147017172579909e-07
1.718000000000000000e+04 1.997219589661520110e-07
1.720000000000000000e+04 2.013933392050420011e-07
1.722000000000000000e+04 1.968126674514576950e-07
1.724000000000000000e+04 1.768270784256027067e-07
1.726000000000000000e+04 1.612490290835276290e-07
1.728000000000000000e+04 1.775658371048976795e-07
1.730000000000000000e+04 1.938571677762350586e-07
1.732000000000000000e+04 1.910407016044012037e-07
1.734000000000000000e+04 1.804036011414197082e-07
1.736000000000000000e+04 1.778627453552981447e-07
1.738000000000000000e+04 1.677036531215235416e-07
1.740000000000000000e+04 1.675434395022606644e-07
1.742000000000000000e+04 1.714978169562221769e-07
1.744000000000000000e+04 1.784313424891778205e-07
1.746000000000000000e+04 1.955654347596938487e-07
1.748000000000000000e+04 1.856218820273459176e-07
1.750000000000000000e+04 1.798512105749873598e-07
1.752000000000000000e+04 1.729176308387803530e-07
1.754000000000000000e+04 1.613445856731852812e-07
1.756000000000000000e+04 1.532620292040317467e-07
1.758000000000000000e+04 1.505862627227687075e-07
1.760000000000000000e+04 1.454101253669509582e-07
1.762000000000000000e+04 1.620919709595682261e-07
1.764000000000000000e+04 1.527404357166242506e-07
1.766000000000000000e+04 1.652012789902542021e-07
1.768000000000000000e+04 1.589635557799254057e-07
1.770000000000000000e+04 1.528727740773772498e-07
1.772000000000000000e+04 1.510859158766587615e-07
1.774000000000000000e+04 1.460414705612968793e-07
1.776000000000000000e+04 1.418859530259476027e-07
1.778000000000000000e+04 1.509096659345665183e-07
1.780000000000000000e+04 1.533453043587874519e-07
1.782000000000000000e+04 1.506725907456849624e-07
1.784000000000000000e+04 1.441307885273913340e-07
1.786000000000000000e+04 1.456208343960374915e-07
1.788000000000000000e+04 1.490615252215590556e-07
1.790000000000000000e+04 1.409852462055167758e-07
1.792000000000000000e+04 1.466565780578158936e-07
1.794000000000000000e+04 1.361236636542684220e-07
1.796000000000000000e+04 1.288842794359466929e-07
1.798000000000000000e+04 1.332649434834231973e-07
1.800000000000000000e+04 1.275612754489602894e-07
1.802000000000000000e+04 1.254795626174302230e-07
1.804000000000000000e+04 1.244336435388752570e-07
1.806000000000000000e+04 1.263330134105919862e-07
1.808000000000000000e+04 1.246811725085796963e-07
1.810000000000000000e+04 1.316159510408218923e-07
1.812000000000000000e+04 1.308255490745251233e-07
1.814000000000000000e+04 1.137396836006762464e-07
1.816000000000000000e+04 1.075923317119168963e-07
1.818000000000000000e+04 1.138450860711407014e-07
1.820000000000000000e+04 1.208335903075936391e-07
1.822000000000000000e+04 1.225133090679386226e-07
1.824000000000000000e+04 1.102565868278972947e-07
1.826000000000000000e+04 1.060157642045006918e-07
1.828000000000000000e+04 1.134679692795615574e-07
1.830000000000000000e+04 1.249030812691450030e-07
1.832000000000000000e+04 1.207416001057783629e-07
1.834000000000000000e+04 1.129125203801897516e-07
1.836000000000000000e+04 1.094607787711285037e-07
1.838000000000000000e+04 1.182703023260652767e-07
1.840000000000000000e+04 1.165781590036103798e-07
1.842000000000000000e+04 1.116499069363821916e-07
1.844000000000000000e+04 1.099917159322809057e-07
1.846000000000000000e+04 1.058045640890147521e-07
1.848000000000000000e+04 1.006177524229359600e-07
1.850000000000000000e+04 1.098122459346282966e-07
1.852000000000000000e+04 1.096819634288117403e-07
1.854000000000000000e+04 1.058360811347452054e-07
1.856000000000000000e+04 9.773471469143129035e-08
1.858000000000000000e+04 1.007695528357791198e-07
1.860000000000000000e+04 1.031700863470726345e-07
1.862000000000000000e+04 9.955676664187788240e-08
1.864000000000000000e+04 1.038692208275741843e-07
1.866000000000000000e+04 9.809774904919595026e-08
1.868000000000000000e+04 9.291149438731160798e-08
1.870000000000000000e+04 9.564535472710486843e-08
1.872000000000000000e+04 9.956227135753255951e-08
1.874000000000000000e+04 9.714311160111660208e-08
1.876000000000000000e+04 8.933949648120189499e-08
1.878000000000000000e+04 9.113606515106573259e-08
1.880000000000000000e+04 9.581258770970038178e-08
1.882000000000000000e+04 9.505274454936236420e-08
1.884000000000000000e+04 9.387504023714852391e-08
1.886000000000000000e+04 9.369452397539161504e-08
1.888000000000000000e+04 9.030618040415869294e-08
1.890000000000000000e+04 9.309503680108469117e-08
1.892000000000000000e+04 9.565111481623728167e-08
1.894000000000000000e+04 9.626676446263555399e-08
1.896000000000000000e+04 9.441789801046062469e-08
1.898000000000000000e+04 9.252725478350518524e-08
1.900000000000000000e+04 9.050963769977448391e-08
1.902000000000000000e+04 9.468380792709160700e-08
1.904000000000000000e+04 8.593213682276734108e-08
1.906000000000000000e+04 8.584075254154105969e-08
1.908000000000000000e+04 7.938198877830407041e-08
1.910000000000000000e+04 7.743404126838428878e-08
1.912000000000000000e+04 8.605796162030384601e-08
1.914000000000000000e+04 8.645045103164719376e-08
1.916000000000000000e+04 8.957282277522289055e-08
1.918000000000000000e+04 8.267580231434609128e-08
1.920000000000000000e+04 8.032307582977100284e-08
1.922000000000000000e+04 8.636250859682959804e-08
1.924000000000000000e+04 7.967297278211362156e-08
1.926000000000000000e+04 7.684232639755897574e-08
1.928000000000000000e+04 7.517580915819705432e-08
1.930000000000000000e+04 8.230997462706112345e-08
1.932000000000000000e+04 7.941839276726385376e-08
1.934000000000000000e+04 7.755886817788629995e-08
1.936000000000000000e+04 7.881728343956714364e-08
1.938000000000000000e+04 7.828177668425366983e-08
1.940000000000000000e+04 7.273033962667556807e-08
1.942000000000000000e+04 7.214729559617686290e-08
1.944000000000000000e+04 7.266616362535139455e-08
1.946000000000000000e+04 7.675296848977650160e-08
1.948000000000000000e+04 7.056795693065045116e-08
1.950000000000000000e+04 6.695030797015138566e-08
1.952000000000000000e+04 7.205158820477552544e-08
1.954000000000000000e+04 7.109329656948545145e-08
1.956000000000000000e+04 6.586540686659443687e-08
1.958000000000000000e+04 6.748513065466843656e-08
1.960000000000000000e+04 7.070387873116215195e-08
1.962000000000000000e+04 7.039697103411855892e-08
1.964000000000000000e+04 7.081742450374041422e-08
1.966000000000000000e+04 6.375810365090813018e-08
1.968000000000000000e+04 6.266476832063986646e-08
1.970000000000000000e+04 6.171452561140136925e-08
1.972000000000000000e+04 5.937825792339664998e-08
1.974000000000000000e+04 5.786173867096685385e-08
1.976000000000000000e+04 6.059624624675721578e-08
1.978000000000000000e+04 6.489228790709703805e-08
1.980000000000000000e+04 6.540210790439806497e-08
1.982000000000000000e+04 6.406619437943603372e-08
1.984000000000000000e+04 6.237916301711431520e-08
1.986000000000000000e+04 6.367857688736977570e-08
1.988000000000000000e+04 6.337063467703007434e-08
1.990000000000000000e+04 5.863899610320613909e-08
1.992000000000000000e+04 5.820076789599902330e-08
1.994000000000000000e+04 5.824706324327510420e-08
1.996000000000000000e+04 5.607601988450168271e-08
1.998000000000000000e+04 5.971848059624012345e-08
2.000000000000000000e+04 6.036788843712426209e-08
2.002000000000000000e+04 6.185884544284573087e-08
2.004000000000000000e+04 6.556934562959137463e-08
2.006000000000000000e+04 6.246182882149729131e-08
2.008000000000000000e+04 6.000649575262289029e-08
2.010000000000000000e+04 6.868335957744414373e-08
2.012000000000000000e+04 6.411440824091438002e-08
2.014000000000000000e+04 6.058062150532302810e-08
2.016000000000000000e+04 6.067355472197738804e-08
2.018000000000000000e+04 5.835386543526044078e-08
2.020000000000000000e+04 5.412249678959267100e-08
2.022000000000000000e+04 5.759967453302081522e-08
2.024000000000000000e+04 5.621831542959986297e-08
2.026000000000000000e+04 5.285420660646354399e-08
2.028000000000000000e+04 5.412468395224949875e-08
2.030000000000000000e+04 5.154283292030489022e-08
2.032000000000000000e+04 5.426602105473766564e-08
2.034000000000000000e+04 6.030530913625962820e-08
2.036000000000000000e+04 5.707242253337963662e-08
2.038000000000000000e+04 5.497823781483282149e-08
2.040000000000000000e+04 5.198535579158824440e-08
2.042000000000000000e+04 5.235754968410988205e-08
2.044000000000000000e+04 4.901659536740128341e-08
2.046000000000000000e+04 4.954293833741024990e-08
2.048000000000000000e+04 5.021264394062000598e-08
2.050000000000000000e+04 4.761154620383307625e-08
2.052000000000000000e+04 4.809512274371267639e-08
2.054000000000000000e+04 4.862918789960839638e-08
2.056000000000000000e+04 4.928149205003900178e-08
2.058000000000000000e+04 5.571271985213492820e-08
2.060000000000000000e+04 5.313891119231199319e-08
2.062000000000000000e+04 4.644690350515973390e-08
2.064000000000000000e+04 4.896800949287370025e-08
2.066000000000000000e+04 5.257873066431229406e-08
2.068000000000000000e+04 4.918861739041726984e-08
2.070000000000000000e+04 4.484639247727970214e-08
2.072000000000000000e+04 4.660541747687411308e-08
2.074000000000000000e+04 5.164719888401958332e-08
2.076000000000000000e+04 4.941974645349361839e-08
2.078000000000000000e+04 4.661437583817924286e-08
2.080000000000000000e+04 4.851993127555532395e-08
2.082000000000000000e+04 4.901756082433861316e-08
2.084000000000000000e+04 4.558075159765910853e-08
2.086000000000000000e+04 4.814733878405288067e-08
2.088000000000000000e+04 4.578286349197913557e-08
2.090000000000000000e+04 4.429899235982134557e-08
2.092000000000000000e+04 4.439037717630576563e-08
2.094000000000000000e+04 4.350920839119746449e-08
2.096000000000000000e+04 4.447967767094255137e-08
2.098000000000000000e+04 4.532788070302891107e-08
2.100000000000000000e+04 4.697323767436029067e-08
2.102000000000000000e+04 4.515296138221800407e-08
2.104000000000000000e+04 4.396046414586039063e-08
2.106000000000000000e+04 4.303508376101768241e-08
2.108000000000000000e+04 4.322494173839720246e-08
2.110000000000000000e+04 4.623496459964676283e-08
2.112000000000000000e+04 4.559767078616916630e-08
2.114000000000000000e+04 4.527876445979361317e-08
2.116000000000000000e+04 4.329863532181612833e-08
2.118000000000000000e+04 4.544778836777206703e-08
2.120000000000000000e+04 4.625093684769375982e-08
2.122000000000000000e+04 4.385309590720229283e-08
2.124000000000000000e+04 3.933653093167013290e-08
2.126000000000000000e+04 4.159084809223044260e-08
2.128000000000000000e+04 4.322403124043978198e-08
2.130000000000000000e+04 4.399696871927656582e-08
2.132000000000000000e+04 4.104766534261091774e-08
2.134000000000000000e+04 3.791558524228426884e-08
2.136000000000000000e+04 4.143733015765050177e-08
2.138000000000000000e+04 4.269363852452187903e-08
2.140000000000000000e+04 4.043089526239401477e-08
2.142000000000000000e+04 3.794292812249226137e-08
2.144000000000000000e+04 4.033103766651875238e-08
2.146000000000000000e+04 4.138642886858665509e-08
2.148000000000000000e+04 4.170560215011886364e-08
2.150000000000000000e+04 4.126376406680202331e-08
2.152000000000000000e+04 4.016752671733663272e-08
2.154000000000000000e+04 4.017215179003033229e-08
2.156000000000000000e+04 3.745002245953981367e-08
2.158000000000000000e+04 3.898604124787356340e-08
2.160000000000000000e+04 3.647161874043720715e-08
2.162000000000000000e+04 3.481992024893227394e-08
2.164000000000000000e+04 3.682789348342248138e-08
2.166000000000000000e+04 3.575101065040414513e-08
2.168000000000000000e+04 3.625591705518718814e-08
2.170000000000000000e+04 4.176982490800772532e-08
2.172000000000000000e+04 3.724183179523083348e-08
2.174000000000000000e+04 3.518398945266331978e-08
2.176000000000000000e+04 3.644817516825499793e-08
2.178000000000000000e+04 3.814332309562330293e-08
2.180000000000000000e+04 3.578011882619320176e-08
2.182000000000000000e+04 3.435553350017571492e-08
2.184000000000000000e+04 3.741589116299984796e-08
2.186000000000000000e+04 3.597822421439443320e-08
2.188000000000000000e+04 3.438961347250277583e-08
2.190000000000000000e+04 3.657405013170581127e-08
2.192000000000000000e+04 3.426115929888724127e-08
2.194000000000000000e+04 3.535809036184016027e-08
2.196000000000000000e+04 3.655991942363655557e-08
2.198000000000000000e+04 3.548049788031921160e-08
2.200000000000000000e+04 3.422315063120947802e-08
2.202000000000000000e+04 3.348594361368062246e-08
2.204000000000000000e+04 3.257672443611815916e-08
2.206000000000000000e+04 3.297534738659611128e-08
2.208000000000000000e+04 3.357121565894923734e-08
2.210000000000000000e+04 3.393847997566078292e-08
2.212000000000000000e+04 3.360550582226156896e-08
2.214000000000000000e+04 3.184954402096479755e-08
2.216000000000000000e+04 3.191681082040270736e-08
2.218000000000000000e+04 3.074111297681272791e-08
2.220000000000000000e+04 3.457700249485615585e-08
2.222000000000000000e+04 3.196752470698517414e-08
2.224000000000000000e+04 3.202213027616575083e-08
2.226000000000000000e+04 3.410897902583434060e-08
2.228000000000000000e+04 3.760810137057990958e-08
2.230000000000000000e+04 3.573122590110597523e-08
2.232000000000000000e+04 3.403834503685825911e-08
2.234000000000000000e+04 3.527669363722766757e-08
2.236000000000000000e+04 3.379555354989639014e-08
2.238000000000000000e+04 3.093865163400802021e-08
2.240000000000000000e+04 3.474895458176118805e-08
2.242000000000000000e+04 3.414918049477863404e-08
2.244000000000000000e+04 3.358698299828491657e-08
2.246000000000000000e+04 2.993367401764722062e-08
2.248000000000000000e+04 2.918055397383914438e-08
2.250000000000000000e+04 3.142528414621307012e-08
2.252000000000000000e+04 3.425311686092471076e-08
2.254000000000000000e+04 3.338754806647304377e-08
2.256000000000000000e+04 3.521885648365513096e-08
2.258000000000000000e+04 3.752091867835558959e-08
2.260000000000000000e+04 3.239665758188946173e-08
2.262000000000000000e+04 3.114384103579408017e-08
2.264000000000000000e+04 3.241945942267479888e-08
2.266000000000000000e+04 3.241418192309689939e-08
2.268000000000000000e+04 2.887138159308870428e-08
2.270000000000000000e+04 2.963811599552654539e-08
2.272000000000000000e+04 3.140105683635304207e-08
2.274000000000000000e+04 3.263767147103661860e-08
2.276000000000000000e+04 3.134789157718931245e-08
2.278000000000000000e+04 3.127237068163655839e-08
2.280000000000000000e+04 2.818994714240538861e-08
2.282000000000000000e+04 3.103560358267923516e-08
2.284000000000000000e+04 3.419422818712109395e-08
2.286000000000000000e+04 3.404407453557846345e-08
2.288000000000000000e+04 3.338000351305372856e-08
2.290000000000000000e+04 3.077317350036902948e-08
2.292000000000000000e+04 3.115233227971648418e-08
2.294000000000000000e+04 3.215093973340655275e-08
2.296000000000000000e+04 3.075110408233417197e-08
2.298000000000000000e+04 2.886164562727508640e-08
2.300000000000000000e+04 3.233866382759731078e-08
2.302000000000000000e+04 3.132544325491552817e-08
2.304000000000000000e+04 3.141063494995335803e-08
2.306000000000000000e+04 3.216479620317197465e-08
2.308000000000000000e+04 3.244266477103349856e-08
2.310000000000000000e+04 3.244218268756735357e-08
2.312000000000000000e+04 3.077805558424174999e-08
2.314000000000000000e+04 3.040039817123872376e-08
2.316000000000000000e+04 3.090757857481575426e-08
2.318000000000000000e+04 3.181162597051788716e-08
2.320000000000000000e+04 3.144781755567971524e-08
2.322000000000000000e+04 3.014486580614169347e-08
2.324000000000000000e+04 2.791580746772079180e-08
2.326000000000000000e+04 2.811539715748485032e-08
2.328000000000000000e+04 2.640969844572447901e-08
2.330000000000000000e+04 2.773293745794712615e-08
2.332000000000000000e+04 2.742382957240428849e-08
2.334000000000000000e+04 2.858681461675046393e-08
2.336000000000000000e+04 3.060297073512183906e-08
2.338000000000000000e+04 2.753904489760361017e-08
2.340000000000000000e+04 2.804602683117787037e-08
2.342000000000000000e+04 3.004151874300712088e-08
2.344000000000000000e+04 2.851761931154446390e-08
2.346000000000000000e+04 2.824199974896699514e-08
2.348000000000000000e+04 2.890196112896140196e-08
2.350000000000000000e+04 2.887074261213289158e-08
2.352000000000000000e+04 2.890669031797986009e-08
2.354000000000000000e+04 3.016961449222069327e-08
2.356000000000000000e+04 3.015200898770061557e-08
2.358000000000000000e+04 2.896633537413470462e-08
2.360000000000000000e+04 2.769378591268692163e-08
2.362000000000000000e+04 2.937155755223879772e-08
2.364000000000000000e+04 2.942895883242573986e-08
2.366000000000000000e+04 3.024779710884738531e-08
2.368000000000000000e+04 2.757415373415816562e-08
2.370000000000000000e+04 2.782895140785475652e-08
2.372000000000000000e+04 2.691591951248778367e-08
2.374000000000000000e+04 2.807724976427569138e-08
2.376000000000000000e+04 2.810391002344363776e-08
2.378000000000000000e+04 2.967289631891040638e-08
2.380000000000000000e+04 2.715158429079629753e-08
2.382000000000000000e+04 2.759043878998667608e-08
2.384000000000000000e+04 2.889048781675860239e-08
2.386000000000000000e+04 2.910173625086377601e-08
2.388000000000000000e+04 2.847621791813932769e-08
2.390000000000000000e+04 2.745162399627812316e-08
2.392000000000000000e+04 2.720647266190665431e-08
2.394000000000000000e+04 2.870456573737115995e-08
2.396000000000000000e+04 2.742723321981167670e-08
2.398000000000000000e+04 2.788384283041256206e-08
2.400000000000000000e+04 2.674549492071532846e-08
2.402000000000000000e+04 2.883549612414439369e-08
2.404000000000000000e+04 2.803765671227258502e-08
2.406000000000000000e+04 2.849216419108207386e-08
2.408000000000000000e+04 2.803355848218894652e-08
2.410000000000000000e+04 2.816967094277451477e-08
2.412000000000000000e+04 2.763372526361162136e-08
2.414000000000000000e+04 2.741366940023012198e-08
2.416000000000000000e+04 2.823950655997336706e-08
2.418000000000000000e+04 2.959041426537777013e-08
2.420000000000000000e+04 2.942145572488892550e-08
2.422000000000000000e+04 2.749449261229737595e-08
2.424000000000000000e+04 2.689843095251842874e-08
2.426000000000000000e+04 2.489591160857550880e-08
2.428000000000000000e+04 2.579971955094991950e-08
2.430000000000000000e+04 2.535104059203860121e-08
2.432000000000000000e+04 2.512480181358639326e-08
2.434000000000000000e+04 2.809137046248005739e-08
2.436000000000000000e+04 3.038890371392419504e-08
2.438000000000000000e+04 2.952816617414162084e-08
2.440000000000000000e+04 3.080915914967853949e-08
2.442000000000000000e+04 2.837590847413290194e-08
2.444000000000000000e+04 2.560709450037312557e-08
2.446000000000000000e+04 2.699123303188637807e-08
2.448000000000000000e+04 2.604210088655780874e-08
2.450000000000000000e+04 2.630583240377996422e-08
2.452000000000000000e+04 2.544879121686034109e-08
2.454000000000000000e+04 2.645012178504284511e-08
2.456000000000000000e+04 2.735222866426653286e-08
2.458000000000000000e+04 2.680847605306726970e-08
2.460000000000000000e+04 2.778589808118256791e-08
2.462000000000000000e+04 2.601229223453015713e-08
2.464000000000000000e+04 2.851662524374700460e-08
2.466000000000000000e+04 2.767978569090022898e-08
2.468000000000000000e+04 2.714954119023683777e-08
2.470000000000000000e+04 2.781771477327773486e-08
2.472000000000000000e+04 2.730404709511351421e-08
2.474000000000000000e+04 2.556187862095216252e-08
2.476000000000000000e+04 2.795765006473632160e-08
2.478000000000000000e+04 2.699813451734377994e-08
2.480000000000000000e+04 2.560368861222237656e-08
2.482000000000000000e+04 2.560045164289355585e-08
2.484000000000000000e+04 2.633656268859389809e-08
2.486000000000000000e+04 2.706903818139514101e-08
2.488000000000000000e+04 2.761964579179454840e-08
2.490000000000000000e+04 2.463107993657696847e-08
2.492000000000000000e+04 2.573290192026375750e-08
2.494000000000000000e+04 2.640988249602678038e-08
2.496000000000000000e+04 2.851864250554185765e-08
2.498000000000000000e+04 2.980669842796119945e-08
2.500000000000000000e+04 1.677049403861404096e-08
