2.000000000000000000e+00 3.437880788513400176e+00
2.000020000000000131e+00 3.132106088513399555e+00
2.000040100000000098e+00 2.980944888513398894e+00
2.000059799999999832e+00 2.980944888513398894e+00
2.000079899999999800e+00 3.233519788513397941e+00
2.000099899999999931e+00 3.284415488513399595e+00
2.000119900000000062e+00 2.880802388513398427e+00
2.000140000000000029e+00 2.145617788513400015e+00
2.000160000000000160e+00 1.577206888513398297e+00
2.000179999999999847e+00 1.345421088513399255e+00
2.000199999999999978e+00 1.025818088513398507e+00
2.000220099999999945e+00 7.563593885133990113e-01
2.000239800000000123e+00 8.457214885133996773e-01
2.000259900000000091e+00 1.391543688513399601e+00
2.000279900000000222e+00 1.717694588513399623e+00
2.000299899999999909e+00 1.577206888513398297e+00
2.000319999999999876e+00 1.162096288513399855e+00
2.000340000000000007e+00 8.905756885133992995e-01
2.000360000000000138e+00 7.563593885133990113e-01
2.000379999999999825e+00 7.563593885133990113e-01
2.000400099999999792e+00 1.116555488513398586e+00
2.000419899999999807e+00 1.811949988513399390e+00
2.000439899999999938e+00 2.485241188513398924e+00
2.000459900000000069e+00 2.632642088513399869e+00
2.000479900000000200e+00 2.290433188513398832e+00
2.000500000000000167e+00 1.764763088513399580e+00
2.000519999999999854e+00 1.253525988513398914e+00
2.000539999999999985e+00 9.355423885133991035e-01
2.000560000000000116e+00 4.909794885133997866e-01
2.000579800000000130e+00 1.433841885133997351e-01
2.000599900000000098e+00 2.729017885133995236e-01
2.000619899999999785e+00 6.231615885133994226e-01
2.000639899999999916e+00 7.118465885133993254e-01
2.000659900000000047e+00 5.349266885133996396e-01
2.000680000000000014e+00 4.909794885133997866e-01
2.000700000000000145e+00 5.349266885133996396e-01
2.000719999999999832e+00 6.674482885133983245e-01
2.000740099999999799e+00 6.231615885133994226e-01
2.000759799999999977e+00 4.909794885133997866e-01
2.000779899999999945e+00 5.349266885133996396e-01
2.000799900000000076e+00 6.231615885133994226e-01
2.000819900000000207e+00 6.674482885133983245e-01
2.000839899999999894e+00 8.009836885133996276e-01
2.000859999999999861e+00 1.025818088513398507e+00
2.000879999999999992e+00 1.116555488513398586e+00
2.000900000000000123e+00 1.071129088513398386e+00
2.000920100000000090e+00 1.025818088513398507e+00
2.000939799999999824e+00 8.457214885133996773e-01
2.000959899999999791e+00 6.674482885133983245e-01
2.000979899999999922e+00 5.789882885133987855e-01
2.000999900000000054e+00 4.034139885133996017e-01
2.001020000000000021e+00 2.296192885133994110e-01
2.001040000000000152e+00 -2.777361148660162371e-02
2.001059999999999839e+00 -3.648908114866014074e-01
2.001079999999999970e+00 -6.542680114866001873e-01
2.001100099999999937e+00 -1.018787111486600949e+00
2.001119899999999951e+00 -1.335819011486600871e+00
2.001139900000000083e+00 -1.761233111486600222e+00
2.001159900000000214e+00 -2.025748011486600220e+00
2.001179899999999900e+00 -2.100452211486601328e+00
2.001199999999999868e+00 -2.100452211486601328e+00
2.001219999999999999e+00 -2.025748011486600220e+00
2.001240000000000130e+00 -1.837296211486600939e+00
2.001259999999999817e+00 -1.761233111486600222e+00
2.001279799999999831e+00 -1.837296211486600939e+00
2.001299899999999798e+00 -1.988250511486601368e+00
2.001319899999999929e+00 -2.025748011486600220e+00
2.001339900000000060e+00 -1.761233111486600222e+00
2.001359900000000192e+00 -1.414064111486601050e+00
2.001380000000000159e+00 -9.786985114866002533e-01
2.001399999999999846e+00 -2.812574114866013275e-01
2.001419999999999977e+00 5.758598851339868929e-02
2.001440000000000108e+00 1.864464885133987337e-01
2.001459800000000122e+00 3.162948885133989307e-01
2.001479900000000089e+00 3.597976885133995495e-01
2.001499900000000221e+00 3.597976885133995495e-01
2.001519899999999907e+00 2.729017885133995236e-01
2.001539900000000038e+00 1.433841885133997351e-01
2.001560000000000006e+00 5.758598851339868929e-02
2.001580000000000137e+00 1.485178851339874484e-02
2.001599999999999824e+00 -1.127002114866009208e-01
2.001620099999999791e+00 -4.480998114866014959e-01
2.001639799999999969e+00 -6.951863114866014826e-01
2.001659899999999936e+00 -9.786985114866002533e-01
2.001679900000000067e+00 -1.178116511486601681e+00
2.001699900000000198e+00 -1.018787111486600949e+00
2.001720000000000166e+00 -7.360007114866000677e-01
2.001739999999999853e+00 -6.542680114866001873e-01
2.001759999999999984e+00 -8.578164114866009271e-01
2.001780000000000115e+00 -9.385068114866008671e-01
2.001800100000000082e+00 -8.982141114866006859e-01
2.001819799999999816e+00 -8.578164114866009271e-01
2.001839899999999783e+00 -7.767083114866011329e-01
2.001859899999999914e+00 -8.173148114866002345e-01
2.001879900000000045e+00 -9.385068114866008671e-01
2.001900000000000013e+00 -1.058771811486600711e+00
2.001920000000000144e+00 -1.257169511486599944e+00
2.001939999999999831e+00 -1.607928011486601250e+00
2.001959999999999962e+00 -2.025748011486600220e+00
2.001980099999999929e+00 -2.395437911486601124e+00
2.001999899999999943e+00 -2.720087711486600668e+00
2.002019900000000074e+00 -3.037256011486601182e+00
2.002039900000000205e+00 -3.210284911486601445e+00
2.002059899999999892e+00 -3.278869411486601493e+00
2.002079999999999860e+00 -3.141342811486600439e+00
2.002099999999999991e+00 -3.002381111486601029e+00
2.002120000000000122e+00 -2.897207011486599981e+00
2.002139999999999809e+00 -2.967412711486600685e+00
2.002159799999999823e+00 -3.141342811486600439e+00
2.002179899999999790e+00 -3.381078511486601101e+00
2.002199899999999921e+00 -3.583117211486600340e+00
2.002219900000000052e+00 -3.782019311486600088e+00
2.002239900000000183e+00 -3.977827811486600140e+00
2.002260000000000151e+00 -4.106667311486601690e+00
2.002279999999999838e+00 -4.202415211486600910e+00
2.002299999999999969e+00 -4.297411711486601504e+00
2.002320099999999936e+00 -4.391661411486600386e+00
2.002339800000000114e+00 -4.516178811486600608e+00
2.002359900000000081e+00 -4.608708111486601311e+00
2.002379900000000212e+00 -4.761307411486601637e+00
2.002399899999999899e+00 -4.881944911486600702e+00
2.002419900000000030e+00 -4.971587411486600772e+00
2.002439999999999998e+00 -4.941785511486600946e+00
2.002460000000000129e+00 -4.761307411486601637e+00
2.002479999999999816e+00 -4.547102711486600057e+00
2.002500099999999783e+00 -4.485172011486600496e+00
2.002519799999999961e+00 -4.485172011486600496e+00
2.002539899999999928e+00 -4.547102711486600057e+00
2.002559900000000059e+00 -4.608708111486601311e+00
2.002579900000000190e+00 -4.669990311486600376e+00
2.002600000000000158e+00 -4.821785711486601400e+00
2.002619999999999845e+00 -4.911905011486600969e+00
2.002639999999999976e+00 -5.001311011486600400e+00
2.002660000000000107e+00 -5.030956511486600391e+00
2.002680100000000074e+00 -5.030956511486600391e+00
2.002699900000000088e+00 -5.030956511486600391e+00
2.002719900000000219e+00 -5.001311011486600400e+00
2.002739899999999906e+00 -4.971587411486600772e+00
2.002759900000000037e+00 -4.971587411486600772e+00
2.002780000000000005e+00 -5.001311011486600400e+00
2.002800000000000136e+00 -5.030956511486600391e+00
2.002819999999999823e+00 -5.030956511486600391e+00
2.002839999999999954e+00 -5.001311011486600400e+00
2.002859799999999968e+00 -4.911905011486600969e+00
2.002879899999999935e+00 -4.911905011486600969e+00
2.002899900000000066e+00 -4.881944911486600702e+00
2.002919900000000197e+00 -4.791586611486600589e+00
2.002939899999999884e+00 -4.639389711486600731e+00
2.002959999999999852e+00 -4.577946411486600198e+00
2.002979999999999983e+00 -4.608708111486601311e+00
2.003000000000000114e+00 -4.669990311486600376e+00
2.003019999999999801e+00 -4.730948211486600385e+00
2.003039799999999815e+00 -4.851904611486601127e+00
2.003059899999999782e+00 -4.941785511486600946e+00
2.003079899999999913e+00 -5.030956511486600391e+00
2.003099900000000044e+00 -5.060521811486601074e+00
2.003119900000000175e+00 -5.090009911486601091e+00
2.003140000000000143e+00 -5.090009911486601091e+00
2.003159999999999830e+00 -5.030956511486600391e+00
2.003179999999999961e+00 -4.941785511486600946e+00
2.003200099999999928e+00 -4.881944911486600702e+00
2.003219800000000106e+00 -4.821785711486601400e+00
2.003239900000000073e+00 -4.881944911486600702e+00
2.003259900000000204e+00 -5.030956511486600391e+00
2.003279899999999891e+00 -5.265299111486601014e+00
2.003299999999999859e+00 -5.523041011486601093e+00
2.003319999999999990e+00 -5.719264211486600580e+00
2.003340000000000121e+00 -5.857187511486601217e+00
2.003359999999999808e+00 -5.939055211486600427e+00
2.003380100000000219e+00 -5.939055211486600427e+00
2.003399799999999953e+00 -5.939055211486600427e+00
2.003419899999999920e+00 -5.993266811486600787e+00
2.003439900000000051e+00 -5.993266811486600787e+00
2.003459900000000182e+00 -5.993266811486600787e+00
2.003480000000000150e+00 -5.857187511486601217e+00
2.003499999999999837e+00 -5.691457011486600770e+00
2.003519999999999968e+00 -5.437814011486600485e+00
2.003540000000000099e+00 -5.207179811486600585e+00
2.003560100000000066e+00 -4.941785511486600946e+00
2.003579900000000080e+00 -4.700510711486600712e+00
2.003599900000000211e+00 -4.577946411486600198e+00
2.003619899999999898e+00 -4.516178811486600608e+00
2.003639900000000029e+00 -4.360328411486600331e+00
2.003659999999999997e+00 -4.170582511486600197e+00
2.003680000000000128e+00 -4.042416311486601188e+00
2.003699999999999815e+00 -3.945405711486600353e+00
2.003719999999999946e+00 -3.945405711486600353e+00
2.003739799999999960e+00 -3.912898711486601400e+00
2.003759899999999927e+00 -3.912898711486601400e+00
2.003779900000000058e+00 -4.042416311486601188e+00
2.003799900000000189e+00 -4.234164011486599932e+00
2.003819899999999876e+00 -4.422914211486601133e+00
2.003839999999999844e+00 -4.106667311486601690e+00
2.003859999999999975e+00 -3.278869411486601493e+00
2.003880000000000106e+00 -2.137659811486601669e+00
2.003900100000000073e+00 -9.385068114866008671e-01
2.003919799999999807e+00 -7.029131148660106021e-02
2.003939900000000218e+00 4.909794885133997866e-01
2.003959899999999905e+00 1.071129088513398386e+00
2.003979900000000036e+00 1.859255088513398491e+00
2.003999900000000167e+00 2.049679088513398639e+00
2.004020000000000135e+00 1.530614188513398588e+00
2.004039999999999822e+00 1.116555488513398586e+00
2.004059999999999953e+00 1.299413888513399229e+00
2.004080099999999920e+00 1.670747088513399703e+00
2.004099800000000098e+00 1.954225788513399564e+00
2.004119900000000065e+00 2.242041888513398362e+00
2.004139900000000196e+00 2.436354888513399430e+00
2.004159899999999883e+00 2.436354888513399430e+00
2.004179999999999851e+00 2.534251488513399764e+00
2.004199999999999982e+00 2.534251488513399764e+00
2.004220000000000113e+00 2.338952288513398869e+00
2.004239999999999799e+00 1.954225788513399564e+00
2.004260100000000211e+00 1.859255088513398491e+00
2.004279899999999781e+00 1.954225788513399564e+00
2.004299899999999912e+00 1.670747088513399703e+00
2.004319900000000043e+00 1.071129088513398386e+00
2.004339900000000174e+00 7.118465885133993254e-01
2.004360000000000142e+00 8.009836885133996276e-01
2.004379999999999828e+00 1.623919788513399354e+00
2.004399999999999959e+00 2.436354888513399430e+00
2.004420000000000091e+00 2.781162488513398756e+00
2.004439800000000105e+00 2.485241188513398924e+00
2.004459900000000072e+00 2.338952288513398869e+00
2.004479900000000203e+00 2.436354888513399430e+00
2.004499899999999890e+00 2.781162488513398756e+00
2.004519900000000021e+00 2.583382888513400033e+00
2.004539999999999988e+00 1.811949988513399390e+00
2.004560000000000120e+00 1.299413888513399229e+00
2.004579999999999806e+00 1.345421088513399255e+00
2.004599999999999937e+00 1.811949988513399390e+00
2.004619799999999952e+00 1.954225788513399564e+00
2.004639899999999919e+00 1.484138788513398310e+00
2.004659900000000050e+00 9.355423885133991035e-01
2.004679900000000181e+00 6.231615885133994226e-01
2.004699899999999868e+00 3.597976885133995495e-01
2.004719999999999835e+00 1.433841885133997351e-01
2.004739999999999966e+00 -3.231275114866001275e-01
2.004760000000000097e+00 -6.542680114866001873e-01
2.004780100000000065e+00 -1.058771811486600711e+00
2.004799799999999799e+00 -1.491908811486601039e+00
2.004819900000000210e+00 -1.761233111486600222e+00
2.004839899999999897e+00 -1.988250511486601368e+00
2.004859900000000028e+00 -2.468235711486601147e+00
2.004879999999999995e+00 -2.431886411486601673e+00
2.004900000000000126e+00 -1.799315211486600674e+00
2.004919999999999813e+00 -1.335819011486600871e+00
2.004939999999999944e+00 -1.491908811486601039e+00
2.004960099999999912e+00 -1.875180911486600266e+00
2.004979800000000090e+00 -2.025748011486600220e+00
2.004999900000000057e+00 -2.322263411486600759e+00
2.005019900000000188e+00 -2.540660611486600828e+00
2.005039899999999875e+00 -2.791210911486601276e+00
2.005059999999999842e+00 -3.210284911486601445e+00
2.005079999999999973e+00 -3.649765711486601560e+00
2.005100000000000104e+00 -3.912898711486601400e+00
2.005119999999999791e+00 -4.010164911486601369e+00
2.005140100000000203e+00 -4.010164911486601369e+00
2.005159900000000217e+00 -3.749085211486601565e+00
2.005179899999999904e+00 -2.932354711486601317e+00
2.005199900000000035e+00 -2.248707511486600197e+00
2.005219900000000166e+00 -1.988250511486601368e+00
2.005240000000000133e+00 -1.799315211486600674e+00
2.005259999999999820e+00 -1.335819011486600871e+00
2.005279999999999951e+00 -8.173148114866002345e-01
2.005300000000000082e+00 -4.895436114866011934e-01
2.005319800000000097e+00 -5.721156114866001730e-01
2.005339900000000064e+00 -8.578164114866009271e-01
2.005359900000000195e+00 -1.217693111486600088e+00
2.005379899999999882e+00 -1.491908811486601039e+00
2.005399900000000013e+00 -1.414064111486601050e+00
2.005419999999999980e+00 -1.098655411486600286e+00
2.005440000000000111e+00 -8.578164114866009271e-01
2.005459999999999798e+00 -1.018787111486600949e+00
2.005480100000000210e+00 -1.491908811486601039e+00
2.005499799999999944e+00 -1.761233111486600222e+00
2.005519899999999911e+00 -1.723055611486600469e+00
2.005539900000000042e+00 -1.569354711486599996e+00
2.005559900000000173e+00 -1.569354711486599996e+00
2.005579899999999860e+00 -1.875180911486600266e+00
2.005599999999999827e+00 -2.211787011486601173e+00
2.005619999999999958e+00 -1.912968411486600573e+00
2.005640000000000089e+00 -1.414064111486601050e+00
2.005660100000000057e+00 -1.335819011486600871e+00
2.005679799999999791e+00 -1.414064111486601050e+00
2.005699900000000202e+00 -1.414064111486601050e+00
2.005719899999999889e+00 -1.217693111486600088e+00
2.005739900000000020e+00 -8.173148114866002345e-01
2.005759999999999987e+00 -5.308826114866000978e-01
2.005780000000000118e+00 -4.895436114866011934e-01
2.005799999999999805e+00 -2.392776114866013160e-01
2.005819999999999936e+00 -1.127002114866009208e-01
2.005840099999999904e+00 -3.648908114866014074e-01
2.005859899999999918e+00 -8.578164114866009271e-01
2.005879900000000049e+00 -1.018787111486600949e+00
2.005899900000000180e+00 -6.951863114866014826e-01
2.005919899999999867e+00 1.004307885133997047e-01
2.005939999999999834e+00 9.355423885133991035e-01
2.005959999999999965e+00 1.345421088513399255e+00
2.005980000000000096e+00 5.349266885133996396e-01
2.005999999999999783e+00 -6.951863114866014826e-01
2.006019799999999798e+00 -1.098655411486600286e+00
2.006039900000000209e+00 -8.578164114866009271e-01
2.006059899999999896e+00 -6.542680114866001873e-01
2.006079900000000027e+00 -6.542680114866001873e-01
2.006099900000000158e+00 -5.308826114866000978e-01
2.006120000000000125e+00 -7.029131148660106021e-02
2.006139999999999812e+00 3.597976885133995495e-01
2.006159999999999943e+00 9.355423885133991035e-01
2.006180000000000074e+00 2.145617788513400015e+00
2.006199800000000089e+00 2.682023288513398995e+00
2.006219900000000056e+00 2.145617788513400015e+00
2.006239900000000187e+00 1.345421088513399255e+00
2.006259899999999874e+00 8.457214885133996773e-01
2.006279900000000005e+00 7.563593885133990113e-01
2.006299999999999972e+00 9.806244885133992284e-01
2.006320000000000103e+00 8.009836885133996276e-01
2.006339999999999790e+00 4.471399885133990892e-01
2.006360100000000202e+00 6.231615885133994226e-01
2.006379799999999936e+00 9.355423885133991035e-01
2.006399899999999903e+00 1.025818088513398507e+00
2.006419900000000034e+00 1.116555488513398586e+00
2.006439900000000165e+00 1.484138788513398310e+00
2.006460000000000132e+00 2.436354888513399430e+00
2.006479999999999819e+00 3.335440888513399926e+00
2.006499999999999950e+00 3.540835588513399301e+00
2.006520000000000081e+00 3.182749988513400297e+00
2.006540100000000049e+00 2.485241188513398924e+00
2.006559799999999782e+00 1.717694588513399623e+00
2.006579900000000194e+00 1.116555488513398586e+00
2.006599899999999881e+00 8.009836885133996276e-01
2.006619900000000012e+00 5.789882885133987855e-01
2.006639999999999979e+00 2.729017885133995236e-01
2.006660000000000110e+00 -2.777361148660162371e-02
2.006679999999999797e+00 -4.065473114866016147e-01
2.006699999999999928e+00 -7.767083114866011329e-01
2.006720099999999896e+00 -9.385068114866008671e-01
2.006739899999999910e+00 -9.385068114866008671e-01
2.006759900000000041e+00 -9.385068114866008671e-01
2.006779900000000172e+00 -1.138437011486601591e+00
2.006799899999999859e+00 -1.414064111486601050e+00
2.006819999999999826e+00 -1.098655411486600286e+00
2.006839999999999957e+00 -4.895436114866011934e-01
2.006860000000000088e+00 -3.648908114866014074e-01
2.006880000000000219e+00 -4.895436114866011934e-01
2.006899799999999789e+00 -6.132466114866002016e-01
2.006919900000000201e+00 -3.231275114866001275e-01
2.006939899999999888e+00 1.004307885133997047e-01
2.006959900000000019e+00 3.162948885133989307e-01
2.006979900000000150e+00 4.034139885133996017e-01
2.007000000000000117e+00 4.909794885133997866e-01
2.007019999999999804e+00 4.471399885133990892e-01
2.007039999999999935e+00 2.729017885133995236e-01
2.007060099999999903e+00 5.758598851339868929e-02
2.007079800000000080e+00 -2.392776114866013160e-01
2.007099900000000048e+00 -6.542680114866001873e-01
2.007119900000000179e+00 -1.058771811486600711e+00
2.007139899999999866e+00 -1.257169511486599944e+00
2.007159899999999997e+00 -1.178116511486601681e+00
2.007179999999999964e+00 -1.058771811486600711e+00
2.007200000000000095e+00 -1.098655411486600286e+00
2.007219999999999782e+00 -1.098655411486600286e+00
2.007240100000000194e+00 -1.178116511486601681e+00
2.007259799999999927e+00 -1.098655411486600286e+00
2.007279899999999895e+00 -9.385068114866008671e-01
2.007299900000000026e+00 -8.982141114866006859e-01
2.007319900000000157e+00 -1.098655411486600286e+00
2.007340000000000124e+00 -1.374991111486600914e+00
2.007359999999999811e+00 -1.684778911486601416e+00
2.007379999999999942e+00 -2.063149211486601686e+00
2.007400000000000073e+00 -2.322263411486600759e+00
2.007420100000000041e+00 -2.248707511486600197e+00
2.007439900000000055e+00 -2.100452211486601328e+00
2.007459900000000186e+00 -2.211787011486601173e+00
2.007479899999999873e+00 -2.431886411486601673e+00
2.007499900000000004e+00 -2.468235711486601147e+00
2.007519999999999971e+00 -2.322263411486600759e+00
2.007540000000000102e+00 -2.025748011486600220e+00
2.007559999999999789e+00 -1.799315211486600674e+00
2.007579999999999920e+00 -1.837296211486600939e+00
2.007599799999999934e+00 -2.063149211486601686e+00
2.007619899999999902e+00 -2.248707511486600197e+00
2.007639900000000033e+00 -1.875180911486600266e+00
2.007659900000000164e+00 -1.138437011486601591e+00
2.007679899999999851e+00 -6.542680114866001873e-01
2.007699999999999818e+00 -3.231275114866001275e-01
2.007719999999999949e+00 1.433841885133997351e-01
2.007740000000000080e+00 5.789882885133987855e-01
2.007760000000000211e+00 7.118465885133993254e-01
2.007779799999999781e+00 6.231615885133994226e-01
2.007799900000000193e+00 4.471399885133990892e-01
2.007819899999999880e+00 4.034139885133996017e-01
2.007839900000000011e+00 4.034139885133996017e-01
2.007859900000000142e+00 4.034139885133996017e-01
2.007880000000000109e+00 1.864464885133987337e-01
2.007899999999999796e+00 -2.812574114866013275e-01
2.007919999999999927e+00 -6.132466114866002016e-01
2.007940099999999894e+00 -6.951863114866014826e-01
2.007959800000000072e+00 -6.132466114866002016e-01
2.007979900000000040e+00 -6.542680114866001873e-01
2.007999900000000171e+00 -9.385068114866008671e-01
2.008019899999999858e+00 -1.414064111486601050e+00
2.008039999999999825e+00 -1.912968411486600573e+00
2.008059999999999956e+00 -1.684778911486601416e+00
2.008080000000000087e+00 -1.296544811486601390e+00
2.008100000000000218e+00 -1.684778911486601416e+00
2.008120100000000186e+00 -1.988250511486601368e+00
2.008139799999999919e+00 -1.950658511486601299e+00
2.008159899999999887e+00 -1.912968411486600573e+00
2.008179900000000018e+00 -1.988250511486601368e+00
2.008199900000000149e+00 -1.988250511486601368e+00
2.008220000000000116e+00 -1.988250511486601368e+00
2.008239999999999803e+00 -2.025748011486600220e+00
2.008259999999999934e+00 -2.137659811486601669e+00
2.008280000000000065e+00 -2.285532711486601087e+00
2.008300100000000032e+00 -2.431886411486601673e+00
2.008319900000000047e+00 -2.540660611486600828e+00
2.008339900000000178e+00 -2.684387911486600942e+00
2.008359899999999865e+00 -2.755695111486600624e+00
2.008379899999999996e+00 -2.755695111486600624e+00
2.008399999999999963e+00 -2.791210911486601276e+00
2.008420000000000094e+00 -2.861965911486601399e+00
2.008439999999999781e+00 -3.002381111486601029e+00
2.008459999999999912e+00 -3.347097111486601051e+00
2.008479799999999926e+00 -3.716065111486601680e+00
2.008499899999999894e+00 -4.042416311486601188e+00
2.008519900000000025e+00 -4.234164011486599932e+00
2.008539900000000156e+00 -4.202415211486600910e+00
2.008559899999999843e+00 -4.042416311486601188e+00
2.008579999999999810e+00 -3.814869611486601642e+00
2.008599999999999941e+00 -3.716065111486601680e+00
2.008620000000000072e+00 -3.682958311486601133e+00
2.008640100000000039e+00 -3.616484411486601047e+00
2.008659800000000217e+00 -3.549665211486601635e+00
2.008679900000000185e+00 -3.414971111486600819e+00
2.008699899999999872e+00 -3.210284911486601445e+00
2.008719900000000003e+00 -3.037256011486601182e+00
2.008739900000000134e+00 -3.002381111486601029e+00
2.008760000000000101e+00 -2.967412711486600685e+00
2.008779999999999788e+00 -2.932354711486601317e+00
2.008799999999999919e+00 -2.897207011486599981e+00
2.008820099999999886e+00 -3.106736911486601471e+00
2.008839800000000064e+00 -3.313028111486600480e+00
2.008859900000000032e+00 -3.072042211486600394e+00
2.008879900000000163e+00 -2.285532711486601087e+00
2.008899899999999850e+00 -1.453037011486600250e+00
2.008919999999999817e+00 -6.951863114866014826e-01
2.008939999999999948e+00 -1.550004114866005978e-01
2.008960000000000079e+00 1.004307885133997047e-01
2.008980000000000210e+00 -7.029131148660106021e-02
2.009000100000000177e+00 -4.065473114866016147e-01
2.009019900000000192e+00 -6.132466114866002016e-01
2.009039899999999879e+00 -7.767083114866011329e-01
2.009059900000000010e+00 -1.058771811486600711e+00
2.009079900000000141e+00 -1.335819011486600871e+00
2.009100000000000108e+00 -1.374991111486600914e+00
2.009119999999999795e+00 -1.491908811486601039e+00
2.009139999999999926e+00 -1.646403011486601287e+00
2.009160000000000057e+00 -1.646403011486601287e+00
2.009179800000000071e+00 -1.491908811486601039e+00
2.009199900000000039e+00 -1.414064111486601050e+00
2.009219900000000170e+00 -1.646403011486601287e+00
2.009239899999999857e+00 -1.912968411486600573e+00
2.009259899999999988e+00 -2.174771011486601680e+00
2.009279999999999955e+00 -2.248707511486600197e+00
2.009300000000000086e+00 -2.063149211486601686e+00
2.009320000000000217e+00 -2.025748011486600220e+00
2.009339999999999904e+00 -2.395437911486601124e+00
2.009359799999999918e+00 -2.932354711486601317e+00
2.009379899999999886e+00 -3.482493111486601123e+00
2.009399900000000017e+00 -4.042416311486601188e+00
2.009419900000000148e+00 -4.391661411486600386e+00
2.009439899999999835e+00 -4.391661411486600386e+00
2.009459999999999802e+00 -4.297411711486601504e+00
2.009479999999999933e+00 -4.170582511486600197e+00
2.009500000000000064e+00 -4.010164911486601369e+00
2.009520100000000031e+00 -3.880307911486600148e+00
2.009539800000000209e+00 -3.649765711486601560e+00
2.009559900000000177e+00 -3.210284911486601445e+00
2.009579899999999864e+00 -2.431886411486601673e+00
2.009599899999999995e+00 -1.799315211486600674e+00
2.009619999999999962e+00 -1.374991111486600914e+00
2.009640000000000093e+00 -8.578164114866009271e-01
2.009659999999999780e+00 -1.550004114866005978e-01
2.009679999999999911e+00 4.909794885133997866e-01
2.009700099999999878e+00 9.806244885133992284e-01
2.009719800000000056e+00 1.391543688513399601e+00
2.009739900000000024e+00 1.811949988513399390e+00
2.009759900000000155e+00 1.811949988513399390e+00
2.009779899999999841e+00 1.484138788513398310e+00
2.009799999999999809e+00 1.299413888513399229e+00
2.009819999999999940e+00 1.116555488513398586e+00
2.009840000000000071e+00 1.071129088513398386e+00
2.009860000000000202e+00 1.391543688513399601e+00
2.009880100000000169e+00 1.764763088513399580e+00
2.009899900000000184e+00 1.717694588513399623e+00
2.009919899999999870e+00 1.764763088513399580e+00
2.009939900000000002e+00 1.764763088513399580e+00
2.009959900000000133e+00 1.577206888513398297e+00
2.009980000000000100e+00 1.437782588513398352e+00
