3.178807947019867424e+04 2.867473353319800822e+02
3.695364238410596590e+04 3.269186868762229210e+02
4.172185430463576631e+04 3.439865512193257473e+02
4.569536423841059150e+04 3.307382009187191443e+02
4.966887417218543123e+04 3.912259785232253080e+02
5.364238410596026370e+04 4.093896890931157486e+02
5.761589403973510343e+04 4.596229683861570834e+02
6.158940397350992862e+04 4.558991239720155022e+02
6.556291390728477563e+04 4.637855038117987760e+02
6.953642384105961537e+04 4.647037177872155098e+02
7.350993377483442600e+04 5.069984078354317489e+02
7.629139072847682110e+04 5.241931502704835566e+02
