3.178807947019867424e+04 6.697413785555086818e+00
3.695364238410596590e+04 7.230508693493312045e+00
4.172185430463576631e+04 7.290664049307317818e+00
4.569536423841059150e+04 6.948281817676941863e+00
4.966887417218543123e+04 7.738034732859319753e+00
5.364238410596026370e+04 7.995226002255341413e+00
5.761589403973510343e+04 8.703112688268641151e+00
6.158940397350992862e+04 8.463570951691536948e+00
6.556291390728477563e+04 8.416950063715855634e+00
6.953642384105961537e+04 8.216891192518172460e+00
7.350993377483442600e+04 8.736013953453682035e+00
7.629139072847682110e+04 8.831868226201653016e+00
