2.227589800000000064e+00 3.611902129451220961e-04
2.252871947447447454e+00 3.713962625016062466e-04
2.278154094894894843e+00 3.818654014624259154e-04
2.303436242342342233e+00 3.926036392481271919e-04
2.328718389789790066e+00 4.036171002368170511e-04
2.354000537237237456e+00 4.149120253511280176e-04
2.379282684684684845e+00 4.264947736505983098e-04
2.404564832132132235e+00 4.383718239289925321e-04
2.429846979579579624e+00 4.505497763160576201e-04
2.455129127027027014e+00 4.630353538831870103e-04
2.480411274474474403e+00 4.758354042524534796e-04
2.505693421921922237e+00 4.889569012084647595e-04
2.530975569369369627e+00 5.024069463124595462e-04
2.556257716816817016e+00 5.161927705180681392e-04
2.581539864264264406e+00 5.303217357881179813e-04
2.606822011711711795e+00 5.448013367118708728e-04
2.632104159159159185e+00 5.596392021220551087e-04
2.657386306606606574e+00 5.748430967110240751e-04
2.682668454054053964e+00 5.904209226453708322e-04
2.707950601501501353e+00 6.063807211783188910e-04
2.733232748948949187e+00 6.227306742591565874e-04
2.758514896396396576e+00 6.394791061390020818e-04
2.783797043843843966e+00 6.566344849721528383e-04
2.809079191291291355e+00 6.742054244122488212e-04
2.834361338738738745e+00 6.922006852024659672e-04
2.859643486186186134e+00 7.106291767589506319e-04
2.884925633633633524e+00 7.294999587466612610e-04
2.910207781081081357e+00 7.488222426467962180e-04
2.935489928528528747e+00 7.686053933149401916e-04
2.960772075975976136e+00 7.888589305290510858e-04
2.986054223423423526e+00 8.095925305264167803e-04
3.011336370870870915e+00 8.308160275286480441e-04
3.036618518318318305e+00 8.525394152537861406e-04
3.061900665765765694e+00 8.747728484145927096e-04
3.087182813213213528e+00 8.975266442020234841e-04
3.112464960660660918e+00 9.208112837529288178e-04
3.137747108108108307e+00 9.446374136009834475e-04
3.163029255555555697e+00 9.690158471097864426e-04
3.188311403003003086e+00 9.939575658871357185e-04
3.213593550450450476e+00 1.019473721179397357e-03
3.238875697897897865e+00 1.045575635244895725e-03
3.264157845345345699e+00 1.072274802705242567e-03
3.289439992792792644e+00 1.099582891873486729e-03
3.314722140240240478e+00 1.127511746057938613e-03
3.340004287687687867e+00 1.156073384840578975e-03
3.365286435135135257e+00 1.185280005328814574e-03
3.390568582582582646e+00 1.215143983379462838e-03
3.415850730030030036e+00 1.245677874793736520e-03
3.441132877477477869e+00 1.276894416482033312e-03
3.466415024924924815e+00 1.308806527597255629e-03
3.491697172372372648e+00 1.341427310635521283e-03
3.516979319819820038e+00 1.374770052502837132e-03
3.542261467267267427e+00 1.408848225546639613e-03
3.567543614714714817e+00 1.443675488550764680e-03
3.592825762162162206e+00 1.479265687692621822e-03
3.618107909609610040e+00 1.515632857461224250e-03
3.643390057057056985e+00 1.552791221534730211e-03
3.668672204504504819e+00 1.590755193616149709e-03
3.693954351951951764e+00 1.629539378225872224e-03
3.719236499399399598e+00 1.669158571449606615e-03
3.744518646846846988e+00 1.709627761640351721e-03
3.769800794294294377e+00 1.750962130073013346e-03
3.795082941741741767e+00 1.793177051550240387e-03
3.820365089189189156e+00 1.836288094958022287e-03
3.845647236636636990e+00 1.880311023769682798e-03
3.870929384084083935e+00 1.925261796496732878e-03
3.896211531531531769e+00 1.971156567085222047e-03
3.921493678978979158e+00 2.018011685256034318e-03
3.946775826426426548e+00 2.065843696787686510e-03
3.972057973873873937e+00 2.114669343740173055e-03
3.997340121321321327e+00 2.164505564618324912e-03
4.022622268768769160e+00 2.215369494473186807e-03
4.047904416216216106e+00 2.267278464939937420e-03
4.073186563663663939e+00 2.320250004210820324e-03
4.098468711111111773e+00 2.374301836941543516e-03
4.123750858558558718e+00 2.429451884089710301e-03
4.149033006006005664e+00 2.485718262683637037e-03
4.174315153453453497e+00 2.543119285520145222e-03
4.199597300900901331e+00 2.601673460789728949e-03
4.224879448348348276e+00 2.661399491627573343e-03
4.250161595795796110e+00 2.722316275588943391e-03
4.275443743243243944e+00 2.784442904047350689e-03
4.300725890690690889e+00 2.847798661513966777e-03
4.326008038138137834e+00 2.912403024876842380e-03
4.351290185585585668e+00 2.978275662558287594e-03
4.376572333033033502e+00 3.045436433588967571e-03
4.401854480480480447e+00 3.113905386597186700e-03
4.427136627927928281e+00 3.183702758711848182e-03
4.452418775375376114e+00 3.254848974377486104e-03
4.477700922822823060e+00 3.327364644080124060e-03
4.502983070270270005e+00 3.401270562982129739e-03
4.528265217717717839e+00 3.476587709464881541e-03
4.553547365165165672e+00 3.553337243577597490e-03
4.578829512612612618e+00 3.631540505390924798e-03
4.604111660060059563e+00 3.711219013253894920e-03
4.629393807507508285e+00 3.792394461952676345e-03
4.654675954954955230e+00 3.875088720769842305e-03
4.679958102402402176e+00 3.959323831442681900e-03
4.705240249849850009e+00 4.045122006019185104e-03
4.730522397297297843e+00 4.132505624610277421e-03
4.755804544744744788e+00 4.221497233037080354e-03
4.781086692192191734e+00 4.312119540371740951e-03
4.806368839639640456e+00 4.404395416370545865e-03
4.831650987087087401e+00 4.498347888798086974e-03
4.856933134534534346e+00 4.594000140641193129e-03
4.882215281981982180e+00 4.691375507211326124e-03
4.907497429429430014e+00 4.790497473134321116e-03
4.932779576876876959e+00 4.891389669226210365e-03
4.958061724324323905e+00 4.994075869254011382e-03
4.983343871771771738e+00 5.098579986580335441e-03
5.008626019219219572e+00 5.204926070690733993e-03
5.033908166666666517e+00 5.313138303602654537e-03
5.059190314114114351e+00 5.423240996155099559e-03
5.084472461561562184e+00 5.535258584177832342e-03
5.109754609009009130e+00 5.649215624539279633e-03
5.135036756456456075e+00 5.765136791072160601e-03
5.160318903903903909e+00 5.883046870375956486e-03
5.185601051351351742e+00 6.002970757495373552e-03
5.210883198798798688e+00 6.124933451473970995e-03
5.236165346246246521e+00 6.248960050782251252e-03
5.261447493693694355e+00 6.375075748619395653e-03
5.286729641141141300e+00 6.503305828088030462e-03
5.312011788588588246e+00 6.633675657241370170e-03
5.337293936036036079e+00 6.766210684002153461e-03
5.362576083483483913e+00 6.900936430952831456e-03
5.387858230930930858e+00 7.037878489996480906e-03
5.413140378378378692e+00 7.177062516888167362e-03
5.438422525825826526e+00 7.318514225636038421e-03
5.463704673273273471e+00 7.462259382772211229e-03
5.488986820720720416e+00 7.608323801492902598e-03
5.514268968168168250e+00 7.756733335667642150e-03
5.539551115615616084e+00 7.907513873717478270e-03
5.564833263063063029e+00 8.060691332361926212e-03
5.590115410510510863e+00 8.216291650234840496e-03
5.615397557957958696e+00 8.374340781368876802e-03
5.640679705405405642e+00 8.534864688548990039e-03
5.665961852852852587e+00 8.697889336534852384e-03
5.691244000300300421e+00 8.863440685152464485e-03
5.716526147747748254e+00 9.031544682255263426e-03
5.741808295195195200e+00 9.202227256554965096e-03
5.767090442642643033e+00 9.375514310322746389e-03
5.792372590090090867e+00 9.551431711960841828e-03
5.817654737537537812e+00 9.730005288445576356e-03
5.842936884984984758e+00 9.911260817642087578e-03
5.868219032432432591e+00 1.009522402049149552e-02
5.893501179879880425e+00 1.028192055307140633e-02
5.918783327327327370e+00 1.047137599853036928e-02
5.944065474774775204e+00 1.066361585889737118e-02
5.969347622222223038e+00 1.085866554676714890e-02
5.994629769669669983e+00 1.105655037686263491e-02
6.019911917117116928e+00 1.125729555747533896e-02
6.045194064564564762e+00 1.146092618178511796e-02
6.070476212012012596e+00 1.166746721906055696e-02
6.095758359459459541e+00 1.187694350574122412e-02
6.121040506906906487e+00 1.208937973640335749e-02
6.146322654354355208e+00 1.230480045461047368e-02
6.171604801801802154e+00 1.252323004365044068e-02
6.196886949249249099e+00 1.274469271716082222e-02
6.222169096696696933e+00 1.296921250964413498e-02
6.247451244144144766e+00 1.319681326687489539e-02
6.272733391591591712e+00 1.342751863620052395e-02
6.298015539039038657e+00 1.366135205673788683e-02
6.323297686486487379e+00 1.389833674946781492e-02
6.348579833933934324e+00 1.413849570722955709e-02
6.373861981381381270e+00 1.438185168461770906e-02
6.399144128828828215e+00 1.462842718778373761e-02
6.424426276276276937e+00 1.487824446414459829e-02
6.449708423723723882e+00 1.513132549200103642e-02
6.474990571171170828e+00 1.538769197006821521e-02
6.500272718618619550e+00 1.564736530692121055e-02
6.525554866066066495e+00 1.591036661035827651e-02
6.550837013513513440e+00 1.617671667668477142e-02
6.576119160960960386e+00 1.644643597992064693e-02
6.601401308408409108e+00 1.671954466093448013e-02
6.626683455855856053e+00 1.699606251650729802e-02
6.651965603303302998e+00 1.727600898832937909e-02
6.677247750750751720e+00 1.755940315193330395e-02
6.702529898198198666e+00 1.784626370556648828e-02
6.727812045645645611e+00 1.813660895900709794e-02
6.753094193093092557e+00 1.843045682232627783e-02
6.778376340540541278e+00 1.872782479460094116e-02
6.803658487987988224e+00 1.902872995258028666e-02
6.828940635435435169e+00 1.933318893931033552e-02
6.854222782882883891e+00 1.964121795272002688e-02
6.879504930330330836e+00 1.995283273417281997e-02
6.904787077777777782e+00 2.026804855698815730e-02
6.930069225225224727e+00 2.058688021493658774e-02
6.955351372672673449e+00 2.090934201071284471e-02
6.980633520120120394e+00 2.123544774439110536e-02
7.005915667567567340e+00 2.156521070186701722e-02
7.031197815015016062e+00 2.189864364329057941e-02
7.056479962462463007e+00 2.223575879149439563e-02
7.081762109909909952e+00 2.257656782042231219e-02
7.107044257357356898e+00 2.292108184356244152e-02
7.132326404804805620e+00 2.326931140238974738e-02
7.157608552252252565e+00 2.362126645482267098e-02
7.182890699699699510e+00 2.397695636369895009e-02
7.208172847147148232e+00 2.433638988527521418e-02
7.233454994594595178e+00 2.469957515775540388e-02
7.258737142042042123e+00 2.506651968985329146e-02
7.284019289489489069e+00 2.543723034939388700e-02
7.309301436936937790e+00 2.581171335195892383e-02
7.334583584384384736e+00 2.618997424958176626e-02
7.359865731831831681e+00 2.657201791949703046e-02
7.385147879279280403e+00 2.695784855294987639e-02
7.410430026726727348e+00 2.734746964407069880e-02
7.435712174174174294e+00 2.774088397882058799e-02
7.460994321621621239e+00 2.813809362401273675e-02
7.486276469069069961e+00 2.853909991641560839e-02
7.511558616516516906e+00 2.894390345194306630e-02
7.536840763963963852e+00 2.935250407493765479e-02
7.562122911411412574e+00 2.976490086755171488e-02
7.587405058858859519e+00 3.018109213923278467e-02
7.612687206306306464e+00 3.060107541631873485e-02
7.637969353753753410e+00 3.102484743174802398e-02
7.663251501201202132e+00 3.145240411489130805e-02
7.688533648648649077e+00 3.188374058150966750e-02
7.713815796096096022e+00 3.231885112384576958e-02
7.739097943543542968e+00 3.275772920085318063e-02
7.764380090990991690e+00 3.320036742857014611e-02
7.789662238438438635e+00 3.364675757064312933e-02
7.814944385885885580e+00 3.409689052900665568e-02
7.840226533333334302e+00 3.455075633472456942e-02
7.865508680780781248e+00 3.500834413899883701e-02
7.890790828228228193e+00 3.546964220435206566e-02
7.916072975675675139e+00 3.593463789598890651e-02
7.941355123123123860e+00 3.640331767334280266e-02
7.966637270570570806e+00 3.687566708181333475e-02
7.991919418018017751e+00 3.735167074470063103e-02
8.017201565465466473e+00 3.783131235534203246e-02
8.042483712912913418e+00 3.831457466945691059e-02
8.067765860360360364e+00 3.880143949770590434e-02
8.093048007807807309e+00 3.929188769846949508e-02
8.118330155255256031e+00 3.978589917085225552e-02
8.143612302702702976e+00 4.028345284791797626e-02
8.168894450150149922e+00 4.078452669016183196e-02
8.194176597597598644e+00 4.128909767922470109e-02
8.219458745045045589e+00 4.179714181185507915e-02
8.244740892492492534e+00 4.230863409412486537e-02
8.270023039939939480e+00 4.282354853590359528e-02
8.295305187387388202e+00 4.334185814559694816e-02
8.320587334834835147e+00 4.386353492515465691e-02
8.345869482282282092e+00 4.438854986535373248e-02
8.371151629729730814e+00 4.491687294136101349e-02
8.396433777177177760e+00 4.544847310858125822e-02
8.421715924624624705e+00 4.598331829879562238e-02
8.446998072072071650e+00 4.652137541659506770e-02
8.472280219519520372e+00 4.706261033611403716e-02
8.497562366966967318e+00 4.760698789806912246e-02
8.522844514414414263e+00 4.815447190710764325e-02
8.548126661861862985e+00 4.870502512947034318e-02
8.573408809309309930e+00 4.925860929097324731e-02
8.598690956756756876e+00 4.981518507531308704e-02
8.623973104204203821e+00 5.037471212270028947e-02
8.649255251651652543e+00 5.093714902882428425e-02
8.674537399099099488e+00 5.150245334415489568e-02
8.699819546546546434e+00 5.207058157358442074e-02
8.725101693993995156e+00 5.264148917641358477e-02
8.750383841441442101e+00 5.321513056668562142e-02
8.775665988888889046e+00 5.379145911387262641e-02
8.800948136336335992e+00 5.437042714391664144e-02
8.826230283783784714e+00 5.495198594063017278e-02
8.851512431231231659e+00 5.553608574745829557e-02
8.876794578678678604e+00 5.612267576960673632e-02
8.902076726126127326e+00 5.671170417653796647e-02
8.927358873573574272e+00 5.730311810483861013e-02
8.952641021021021217e+00 5.789686366146137159e-02
8.977923168468468162e+00 5.849288592734324527e-02
9.003205315915916884e+00 5.909112896140329002e-02
9.028487463363363830e+00 5.969153580492162631e-02
9.053769610810810775e+00 6.029404848630262603e-02
9.079051758258257721e+00 6.089860802622350938e-02
9.104333905705706442e+00 6.150515444317070785e-02
9.129616053153153388e+00 6.211362675936538819e-02
9.154898200600600333e+00 6.272396300708019123e-02
9.180180348048049055e+00 6.333610023534792799e-02
9.205462495495496000e+00 6.394997451706359304e-02
9.230744642942942946e+00 6.456552095648124268e-02
9.256026790390389891e+00 6.518267369710592507e-02
9.281308937837838613e+00 6.580136592998149514e-02
9.306591085285285558e+00 6.642152990237519539e-02
9.331873232732732504e+00 6.704309692685897493e-02
9.357155380180181226e+00 6.766599739078768549e-02
9.382437527627628171e+00 6.829016076617411279e-02
9.407719675075075116e+00 6.891551561996105135e-02
9.433001822522522062e+00 6.954198962468929879e-02
9.458283969969970784e+00 7.016950956956143071e-02
9.483566117417417729e+00 7.079800137190034315e-02
9.508848264864864674e+00 7.142739008900203523e-02
9.534130412312313396e+00 7.205759993038067523e-02
9.559412559759760342e+00 7.268855427040506190e-02
9.584694707207207287e+00 7.332017566132530140e-02
9.609976854654654232e+00 7.395238584668679949e-02
9.635259002102102954e+00 7.458510577513088879e-02
9.660541149549549900e+00 7.521825561457892717e-02
9.685823296996996845e+00 7.585175476679834050e-02
9.711105444444445567e+00 7.648552188234725158e-02
9.736387591891892512e+00 7.711947487589558559e-02
9.761669739339339458e+00 7.775353094191955750e-02
9.786951886786786403e+00 7.838760657076598859e-02
9.812234034234235125e+00 7.902161756508380153e-02
9.837516181681682070e+00 7.965547905661835015e-02
9.862798329129129016e+00 8.028910552336582240e-02
9.888080476576577738e+00 8.092241080708280354e-02
9.913362624024024683e+00 8.155530813114718336e-02
9.938644771471471628e+00 8.218771011876685462e-02
9.963926918918918574e+00 8.281952881153027690e-02
9.989209066366367296e+00 8.345067568829522830e-02
1.001449121381381424e+01 8.408106168441041584e-02
1.003977336126126119e+01 8.471059721126519837e-02
1.006505550870870991e+01 8.533919217616144082e-02
1.009033765615615685e+01 8.596675600250254512e-02
1.011561980360360380e+01 8.659319765029414862e-02
1.014090195105105074e+01 8.721842563694987005e-02
1.016618409849849947e+01 8.784234805839684357e-02
1.019146624594594641e+01 8.846487261047411566e-02
1.021674839339339336e+01 8.908590661061824290e-02
1.024203054084084208e+01 8.970535701982883248e-02
1.026731268828828902e+01 9.032313046490726693e-02
1.029259483573573597e+01 9.093913326096260408e-02
1.031787698318318469e+01 9.155327143417602009e-02
1.034315913063063164e+01 9.216545074481755084e-02
1.036844127807807858e+01 9.277557671050784549e-02
1.039372342552552553e+01 9.338355462971623111e-02
1.041900557297297425e+01 9.398928960548846856e-02
1.044428772042042119e+01 9.459268656939513742e-02
1.046956986786786814e+01 9.519365030569391928e-02
1.049485201531531686e+01 9.579208547569613430e-02
1.052013416276276381e+01 9.638789664232981502e-02
1.054541631021021075e+01 9.698098829489118500e-02
1.057069845765765770e+01 9.757126487397474457e-02
1.059598060510510642e+01 9.815863079657417833e-02
1.062126275255255337e+01 9.874299048134436985e-02
1.064654490000000031e+01 9.932424837401632178e-02
1.067182704744744903e+01 9.990230897295468426e-02
1.069710919489489598e+01 1.004770768548492177e-01
1.072239134234234292e+01 1.010484567005309059e-01
1.074767348978978987e+01 1.016163533209024500e-01
1.077295563723723859e+01 1.021806716829742473e-01
1.079823778468468554e+01 1.027413169359952388e-01
1.082351993213213248e+01 1.032981944376697853e-01
1.084880207957958120e+01 1.038512097804495382e-01
1.087408422702702815e+01 1.044002688178909122e-01
1.089936637447447509e+01 1.049452776910678731e-01
1.092464852192192204e+01 1.054861428550296354e-01
1.094993066936937076e+01 1.060227711052932481e-01
1.097521281681681771e+01 1.065550696043601198e-01
1.100049496426426465e+01 1.070829459082471291e-01
1.102577711171171337e+01 1.076063079930205113e-01
1.105105925915916032e+01 1.081250642813228330e-01
1.107634140660660726e+01 1.086391236688823703e-01
1.110162355405405421e+01 1.091483955509937182e-01
1.112690570150150293e+01 1.096527898489597225e-01
1.115218784894894988e+01 1.101522170364831466e-01
1.117746999639639682e+01 1.106465881659981360e-01
1.120275214384384554e+01 1.111358148949302682e-01
1.122803429129129249e+01 1.116198095118742933e-01
1.125331643873873944e+01 1.120984849626791846e-01
1.127859858618618638e+01 1.125717548764293696e-01
1.130388073363363510e+01 1.130395335913114280e-01
1.132916288108108205e+01 1.135017361803553892e-01
1.135444502852852899e+01 1.139582784770402646e-01
1.137972717597597772e+01 1.144090771007523349e-01
1.140500932342342466e+01 1.148540494820858987e-01
1.143029147087087161e+01 1.152931138879759732e-01
1.145557361831831855e+01 1.157261894466517782e-01
1.148085576576576727e+01 1.161531961724005385e-01
1.150613791321321422e+01 1.165740549901312373e-01
1.153142006066066116e+01 1.169886877597276359e-01
1.155670220810810989e+01 1.173970173001799566e-01
1.158198435555555683e+01 1.177989674134848758e-01
1.160726650300300378e+01 1.181944629083038628e-01
1.163254865045045072e+01 1.185834296233688606e-01
1.165783079789789944e+01 1.189657944506259807e-01
1.168311294534534639e+01 1.193414853581062363e-01
1.170839509279279333e+01 1.197104314125141539e-01
1.173367724024024028e+01 1.200725628015237439e-01
1.175895938768768900e+01 1.204278108557723104e-01
1.178424153513513595e+01 1.207761080705422457e-01
1.180952368258258289e+01 1.211173881271216668e-01
1.183480583003003161e+01 1.214515859138336623e-01
1.186008797747747856e+01 1.217786375467256182e-01
1.188537012492492551e+01 1.220984803899089061e-01
1.191065227237237245e+01 1.224110530755400938e-01
1.193593441981982117e+01 1.227162955234348540e-01
1.196121656726726812e+01 1.230141489603052835e-01
1.198649871471471506e+01 1.233045559386128087e-01
1.201178086216216379e+01 1.235874603550276701e-01
1.203706300960961073e+01 1.238628074684865188e-01
1.206234515705705768e+01 1.241305439178407716e-01
1.208762730450450462e+01 1.243906177390868978e-01
1.211290945195195334e+01 1.246429783821714071e-01
1.213819159939940029e+01 1.248875767273626425e-01
1.216347374684684723e+01 1.251243651011821612e-01
1.218875589429429596e+01 1.253532972918884325e-01
1.221403804174174290e+01 1.255743285645053720e-01
1.223932018918918985e+01 1.257874156753898964e-01
1.226460233663663679e+01 1.259925168863305911e-01
1.228988448408408551e+01 1.261895919781721165e-01
1.231516663153153246e+01 1.263786022639584450e-01
1.234044877897897940e+01 1.265595106015892646e-01
1.236573092642642813e+01 1.267322814059836378e-01
1.239101307387387507e+01 1.268968806607453648e-01
1.241629522132132202e+01 1.270532759293246938e-01
1.244157736876876896e+01 1.272014363656711611e-01
1.246685951621621768e+01 1.273413327243728688e-01
1.249214166366366463e+01 1.274729373702773172e-01
1.251742381111111158e+01 1.275962242875895158e-01
1.254270595855856030e+01 1.277111690884430717e-01
1.256798810600600724e+01 1.278177490209403411e-01
1.259327025345345419e+01 1.279159429766581202e-01
1.261855240090090113e+01 1.280057314976149052e-01
1.264383454834834986e+01 1.280870967826970852e-01
1.266911669579579680e+01 1.281600226935407649e-01
1.269439884324324375e+01 1.282244947598665530e-01
1.271968099069069247e+01 1.282805001842648729e-01
1.274496313813813941e+01 1.283280278464297153e-01
1.277024528558558636e+01 1.283670683068382501e-01
1.279552743303303330e+01 1.283976138098757991e-01
1.282080958048048203e+01 1.284196582864033931e-01
1.284609172792792897e+01 1.284331973557675255e-01
1.287137387537537592e+01 1.284382283272511860e-01
1.289665602282282464e+01 1.284347502009648145e-01
1.292193817027027158e+01 1.284227636681777029e-01
1.294722031771771853e+01 1.284022711110889281e-01
1.297250246516516548e+01 1.283732766020383442e-01
1.299778461261261420e+01 1.283357859021577729e-01
1.302306676006006114e+01 1.282898064594632792e-01
1.304834890750750809e+01 1.282353474063890886e-01
1.307363105495495503e+01 1.281724195567644220e-01
1.309891320240240375e+01 1.281010354022350528e-01
1.312419534984985070e+01 1.280212091081302517e-01
1.314947749729729765e+01 1.279329565087782006e-01
1.317475964474474637e+01 1.278362951022712912e-01
1.320004179219219331e+01 1.277312440446838615e-01
1.322532393963964026e+01 1.276178241437451732e-01
1.325060608708708720e+01 1.274960578519707122e-01
1.327588823453453593e+01 1.273659692592543635e-01
1.330117038198198287e+01 1.272275840849256545e-01
1.332645252942942982e+01 1.270809296692753110e-01
1.335173467687687854e+01 1.269260349645527641e-01
1.337701682432432548e+01 1.267629305254407979e-01
1.340229897177177243e+01 1.265916484990100566e-01
1.342758111921921937e+01 1.264122226141601024e-01
1.345286326666666810e+01 1.262246881705496870e-01
1.347814541411411504e+01 1.260290820270232315e-01
1.350342756156156199e+01 1.258254425895376227e-01
1.352870970900901071e+01 1.256138097985952662e-01
1.355399185645645765e+01 1.253942251161893062e-01
1.357927400390390460e+01 1.251667315122665103e-01
1.360455615135135155e+01 1.249313734507146723e-01
1.362983829879880027e+01 1.246881968748802666e-01
1.365512044624624721e+01 1.244372491926233754e-01
1.368040259369369416e+01 1.241785792609166189e-01
1.370568474114114288e+01 1.239122373699949459e-01
1.373096688858858982e+01 1.236382752270636237e-01
1.375624903603603677e+01 1.233567459395718408e-01
1.378153118348348372e+01 1.230677039980592191e-01
1.380681333093093244e+01 1.227712052585834684e-01
1.383209547837837938e+01 1.224673069247367851e-01
1.385737762582582633e+01 1.221560675292588799e-01
1.388265977327327505e+01 1.218375469152555429e-01
1.390794192072072200e+01 1.215118062170307128e-01
1.393322406816816894e+01 1.211789078405404868e-01
1.395850621561561589e+01 1.208389154434786200e-01
1.398378836306306461e+01 1.204918939150012719e-01
1.400907051051051155e+01 1.201379093551010191e-01
1.403435265795795850e+01 1.197770290536388088e-01
1.405963480540540722e+01 1.194093214690431226e-01
1.408491695285285417e+01 1.190348562066861904e-01
1.411019910030030111e+01 1.186537039969463303e-01
1.413548124774774806e+01 1.182659366729662681e-01
1.416076339519519678e+01 1.178716271481173999e-01
1.418604554264264372e+01 1.174708493931797132e-01
1.421132769009009067e+01 1.170636784132471769e-01
1.423660983753753939e+01 1.166501902243689826e-01
1.426189198498498634e+01 1.162304618299368209e-01
1.428717413243243328e+01 1.158045711968279795e-01
1.431245627987988023e+01 1.153725972313152243e-01
1.433773842732732895e+01 1.149346197547534143e-01
1.436302057477477589e+01 1.144907194790535376e-01
1.438830272222222284e+01 1.140409779819544778e-01
1.441358486966967156e+01 1.135854776821032253e-01
1.443886701711711851e+01 1.131243018139545115e-01
1.446414916456456545e+01 1.126575344024995512e-01
1.448943131201201240e+01 1.121852602378358016e-01
1.451471345945946112e+01 1.117075648495875345e-01
1.453999560690690807e+01 1.112245344811886166e-01
1.456527775435435501e+01 1.107362560640376553e-01
1.459055990180180196e+01 1.102428171915370153e-01
1.461584204924925068e+01 1.097443060930258923e-01
1.464112419669669762e+01 1.092408116076187263e-01
1.466640634414414457e+01 1.087324231579591821e-01
1.469168849159159329e+01 1.082192307239011192e-01
1.471697063903904024e+01 1.077013248161271114e-01
1.474225278648648718e+01 1.071787964497147166e-01
1.476753493393393413e+01 1.066517371176622098e-01
1.479281708138138285e+01 1.061202387643836315e-01
1.481809922882882979e+01 1.055843937591845194e-01
1.484338137627627674e+01 1.050442948697279111e-01
1.486866352372372546e+01 1.045000352355024142e-01
1.489394567117117241e+01 1.039517083413022541e-01
1.491922781861861935e+01 1.033994079907291641e-01
1.494450996606606630e+01 1.028432282797279024e-01
1.496979211351351502e+01 1.022832635701642484e-01
1.499507426096096196e+01 1.017196084634570258e-01
1.502035640840840891e+01 1.011523577742730606e-01
1.504563855585585763e+01 1.005816065042961782e-01
1.507092070330330458e+01 1.000074498160799380e-01
1.509620285075075152e+01 9.942998300699339154e-02
1.512148499819819847e+01 9.884930148327067401e-02
1.514676714564564719e+01 9.826550073417344988e-02
1.517204929309309414e+01 9.767867630627598274e-02
1.519733144054054108e+01 9.708892377788214123e-02
1.522261358798798980e+01 9.649633873358413882e-02
1.524789573543543675e+01 9.590101673897179213e-02
1.527317788288288369e+01 9.530305331550165127e-02
1.529846003033033064e+01 9.470254391553468987e-02
1.532374217777777936e+01 9.409958389755201935e-02
1.534902432522522631e+01 9.349426850155674595e-02
1.537430647267267325e+01 9.288669282467057475e-02
1.539958862012012197e+01 9.227695179693401473e-02
1.542487076756756892e+01 9.166514015731827558e-02
1.545015291501501586e+01 9.105135242995647527e-02
1.547543506246246281e+01 9.043568290060312320e-02
1.550071720990991153e+01 8.981822559332877653e-02
1.552599935735735848e+01 8.919907424745818214e-02
1.555128150480480542e+01 8.857832229475874619e-02
1.557656365225225414e+01 8.795606283688725546e-02
1.560184579969970109e+01 8.733238862310199746e-02
1.562712794714714803e+01 8.670739202824645497e-02
1.565241009459459498e+01 8.608116503101247152e-02
1.567769224204204370e+01 8.545379919248870249e-02
1.570297438948949065e+01 8.482538563500154061e-02
1.572825653693693759e+01 8.419601502125365067e-02
1.575353868438438631e+01 8.356577753376756568e-02
1.577882083183183326e+01 8.293476285463941000e-02
1.580410297927928021e+01 8.230306014560832828e-02
1.582938512672672715e+01 8.167075802844793453e-02
1.585466727417417587e+01 8.103794456568426396e-02
1.587994942162162282e+01 8.040470724164625049e-02
1.590523156906906976e+01 7.977113294385237974e-02
1.593051371651651671e+01 7.913730794473987362e-02
1.595579586396396543e+01 7.850331788373984820e-02
1.598107801141141238e+01 7.786924774970319096e-02
1.600636015885885755e+01 7.723518186368120986e-02
1.603164230630630627e+01 7.660120386206491216e-02
1.605692445375375499e+01 7.596739668008770097e-02
1.608220660120120016e+01 7.533384253569327949e-02
1.610748874864864888e+01 7.470062291377337071e-02
1.613277089609609760e+01 7.406781855077869403e-02
1.615805304354354277e+01 7.343550941970515555e-02
1.618333519099099149e+01 7.280377471545830537e-02
1.620861733843844021e+01 7.217269284059979473e-02
1.623389948588588538e+01 7.154234139147643001e-02
1.625918163333333410e+01 7.091279714473512630e-02
1.628446378078077927e+01 7.028413604422607819e-02
1.630974592822822800e+01 6.965643318829430053e-02
1.633502807567567672e+01 6.902976281746345255e-02
1.636031022312312189e+01 6.840419830251133482e-02
1.638559237057057061e+01 6.777981213293896023e-02
1.641087451801801933e+01 6.715667590583523916e-02
1.643615666546546450e+01 6.653486031513626553e-02
1.646143881291291322e+01 6.591443514128092485e-02
1.648672096036036194e+01 6.529546924126386487e-02
1.651200310780780711e+01 6.467803053908445510e-02
1.653728525525525583e+01 6.406218601659287304e-02
1.656256740270270456e+01 6.344800170473378909e-02
1.658784955015014972e+01 6.283554267518566550e-02
1.661313169759759845e+01 6.222487303239657153e-02
1.663841384504504362e+01 6.161605590601576532e-02
1.666369599249249234e+01 6.100915344371906496e-02
1.668897813993994106e+01 6.040422680442896625e-02
1.671426028738738623e+01 5.980133615192632923e-02
1.673954243483483495e+01 5.920054064885325179e-02
1.676482458228228367e+01 5.860189845110638784e-02
1.679010672972972884e+01 5.800546670261724075e-02
1.681538887717717756e+01 5.741130153051885593e-02
1.684067102462462628e+01 5.681945804069710865e-02
1.686595317207207145e+01 5.622999031372350603e-02
1.689123531951952017e+01 5.564295140116734539e-02
1.691651746696696890e+01 5.505839332228606303e-02
1.694179961441441407e+01 5.447636706108943683e-02
1.696708176186186279e+01 5.389692256377535962e-02
1.699236390930930796e+01 5.332010873653589972e-02
1.701764605675675668e+01 5.274597344372757707e-02
1.704292820420420540e+01 5.217456350640591739e-02
1.706821035165165057e+01 5.160592470121853903e-02
1.709349249909909929e+01 5.104010175965436463e-02
1.711877464654654801e+01 5.047713836764587680e-02
1.714405679399399318e+01 4.991707716551959523e-02
1.716933894144144190e+01 4.935995974829139599e-02
1.719462108888889063e+01 4.880582666630373795e-02
1.721990323633633579e+01 4.825471742619901611e-02
1.724518538378378452e+01 4.770667049222608591e-02
1.727046753123123324e+01 4.716172328787570506e-02
1.729574967867867841e+01 4.661991219783993834e-02
1.732103182612612713e+01 4.608127257029116103e-02
1.734631397357357230e+01 4.554583871947707335e-02
1.737159612102102102e+01 4.501364392862527292e-02
1.739687826846846974e+01 4.448472045315476908e-02
1.742216041591591491e+01 4.395909952418784739e-02
1.744744256336336363e+01 4.343681135235798185e-02
1.747272471081081235e+01 4.291788513190972904e-02
1.749800685825825752e+01 4.240234904508386610e-02
1.752328900570570624e+01 4.189023026678365125e-02
1.754857115315315497e+01 4.138155496951743950e-02
1.757385330060060014e+01 4.087634832861112427e-02
1.759913544804804886e+01 4.037463452768585287e-02
1.762441759549549403e+01 3.987643676439610319e-02
1.764969974294294275e+01 3.938177725642118959e-02
1.767498189039039147e+01 3.889067724770658985e-02
1.770026403783783664e+01 3.840315701494797368e-02
1.772554618528528536e+01 3.791923587431288156e-02
1.775082833273273408e+01 3.743893218839528664e-02
1.777611048018017925e+01 3.696226337339588580e-02
1.780139262762762797e+01 3.648924590652326272e-02
1.782667477507507670e+01 3.601989533361066309e-02
1.785195692252252186e+01 3.555422627694152654e-02
1.787723906996997059e+01 3.509225244327851545e-02
1.790252121741741931e+01 3.463398663209093370e-02
1.792780336486486448e+01 3.417944074397356174e-02
1.795308551231231320e+01 3.372862578925141241e-02
1.797836765975975837e+01 3.328155189676577919e-02
1.800364980720720709e+01 3.283822832283347232e-02
1.802893195465465581e+01 3.239866346037578032e-02
1.805421410210210098e+01 3.196286484820967666e-02
1.807949624954954970e+01 3.153083918049574136e-02
1.810477839699699842e+01 3.110259231633804786e-02
1.813006054444444359e+01 3.067812928952857662e-02
1.815534269189189231e+01 3.025745431843122543e-02
1.818062483933934104e+01 2.984057081600003866e-02
1.820590698678678621e+01 2.942748139992478959e-02
1.823118913423423493e+01 2.901818790289876354e-02
1.825647128168168365e+01 2.861269138300343018e-02
1.828175342912912882e+01 2.821099213420334359e-02
1.830703557657657754e+01 2.781308969694606600e-02
1.833231772402402626e+01 2.741898286886195607e-02
1.835759987147147143e+01 2.702866971555720893e-02
1.838288201891892015e+01 2.664214758149512433e-02
1.840816416636636887e+01 2.625941310096040551e-02
1.843344631381381404e+01 2.588046220910020928e-02
1.845872846126126277e+01 2.550529015303675331e-02
1.848401060870871149e+01 2.513389150304673816e-02
1.850929275615615666e+01 2.476626016380112025e-02
1.853457490360360538e+01 2.440238938566051743e-02
1.855985705105105055e+01 2.404227177602138651e-02
1.858513919849849927e+01 2.368589931070650897e-02
1.861042134594594799e+01 2.333326334539622196e-02
1.863570349339339316e+01 2.298435462709395513e-02
1.866098564084084188e+01 2.263916330562150761e-02
1.868626778828829060e+01 2.229767894513971088e-02
1.871154993573573577e+01 2.195989053568840957e-02
1.873683208318318449e+01 2.162578650474157246e-02
1.876211423063063322e+01 2.129535472877309987e-02
1.878739637807807838e+01 2.096858254482769635e-02
1.881267852552552711e+01 2.064545676209268710e-02
1.883796067297297583e+01 2.032596367346654193e-02
1.886324282042042100e+01 2.001008906711882265e-02
1.888852496786786972e+01 1.969781823803748791e-02
1.891380711531531489e+01 1.938913599955967293e-02
1.893908926276276361e+01 1.908402669488053899e-02
1.896437141021021233e+01 1.878247420853732322e-02
1.898965355765765750e+01 1.848446197786331874e-02
1.901493570510510622e+01 1.818997300440824624e-02
1.904021785255255494e+01 1.789898986532135680e-02
1.906550000000000011e+01 1.761149472469264107e-02
1.909078214744744884e+01 1.732746934484875531e-02
1.911606429489489756e+01 1.704689509760014265e-02
1.914134644234234273e+01 1.676975297543532167e-02
1.916662858978979145e+01 1.649602360265856396e-02
1.919191073723724017e+01 1.622568724646857377e-02
1.921719288468468534e+01 1.595872382797332636e-02
1.924247503213213406e+01 1.569511293313874747e-02
1.926775717957957923e+01 1.543483382366781648e-02
1.929303932702702795e+01 1.517786544780650414e-02
1.931832147447447667e+01 1.492418645107431753e-02
1.934360362192192184e+01 1.467377518691553341e-02
1.936888576936937056e+01 1.442660972726888917e-02
1.939416791681681929e+01 1.418266787305283959e-02
1.941945006426426446e+01 1.394192716456341997e-02
1.944473221171171318e+01 1.370436489178213785e-02
1.947001435915916190e+01 1.346995810459180286e-02
1.949529650660660707e+01 1.323868362289710304e-02
1.952057865405405579e+01 1.301051804664804003e-02
1.954586080150150096e+01 1.278543776576404438e-02
1.957114294894894968e+01 1.256341896995590707e-02
1.959642509639639840e+01 1.234443765844436824e-02
1.962170724384384357e+01 1.212846964957251493e-02
1.964698939129129229e+01 1.191549059031019042e-02
1.967227153873874101e+01 1.170547596564918379e-02
1.969755368618618618e+01 1.149840110788651580e-02
1.972283583363363491e+01 1.129424120579465216e-02
1.974811798108108363e+01 1.109297131367701847e-02
1.977340012852852880e+01 1.089456636030711190e-02
1.979868227597597752e+01 1.069900115774964633e-02
1.982396442342342624e+01 1.050625041006290721e-02
1.984924657087087141e+01 1.031628872188028803e-02
1.987452871831832013e+01 1.012909060687023147e-02
1.989981086576576530e+01 9.944630496073534123e-03
1.992509301321321402e+01 9.762882746116403540e-03
1.995037516066066274e+01 9.583821647299052213e-03
1.997565730810810791e+01 9.407421431558210187e-03
2.000093945555555663e+01 9.233656280303025390e-03
2.002622160300300536e+01 9.062500332123793120e-03
2.005150375045045053e+01 8.893927690372407935e-03
2.007678589789789925e+01 8.727912430614076511e-03
2.010206804534534797e+01 8.564428607950055547e-03
2.012735019279279314e+01 8.403450264210413773e-03
2.015263234024024186e+01 8.244951435016630720e-03
2.017791448768769058e+01 8.088906156713961126e-03
2.020319663513513575e+01 7.935288473172855475e-03
2.022847878258258447e+01 7.784072442459354264e-03
2.025376093003002964e+01 7.635232143374615608e-03
2.027904307747747836e+01 7.488741681862903093e-03
2.030432522492492708e+01 7.344575197288709563e-03
2.032960737237237225e+01 7.202706868582416620e-03
2.035488951981982098e+01 7.063110920254935671e-03
2.038017166726726970e+01 6.925761628281530864e-03
2.040545381471471487e+01 6.790633325854797918e-03
2.043073596216216359e+01 6.657700409007153569e-03
2.045601810960961231e+01 6.526937342103409853e-03
2.048130025705705748e+01 6.398318663203378560e-03
2.050658240450450620e+01 6.271818989295200632e-03
2.053186455195195492e+01 6.147413021399962541e-03
2.055714669939940009e+01 6.025075549547870279e-03
2.058242884684684881e+01 5.904781457626645351e-03
2.060771099429429398e+01 5.786505728103082113e-03
2.063299314174174270e+01 5.670223446617766484e-03
2.065827528918919143e+01 5.555909806454476484e-03
2.068355743663663660e+01 5.443540112884353091e-03
2.070883958408408532e+01 5.333089787385974188e-03
2.073412173153153404e+01 5.224534371742213697e-03
2.075940387897897921e+01 5.117849532014559846e-03
2.078468602642642793e+01 5.013011062395892649e-03
2.080996817387387665e+01 4.909994888942868091e-03
2.083525032132132182e+01 4.808777073188585591e-03
2.086053246876877054e+01 4.709333815636735678e-03
2.088581461621621926e+01 4.611641459138391894e-03
2.091109676366366443e+01 4.515676492152300402e-03
2.093637891111111315e+01 4.421415551889911963e-03
2.096166105855855832e+01 4.328835427346461664e-03
2.098694320600600705e+01 4.237913062218918656e-03
2.101222535345345577e+01 4.148625557712403572e-03
2.103750750090090094e+01 4.060950175236032952e-03
2.106278964834834966e+01 3.974864338989533320e-03
2.108807179579579838e+01 3.890345638442029193e-03
2.111335394324324355e+01 3.807371830704130850e-03
2.113863609069069227e+01 3.725920842794654565e-03
2.116391823813814099e+01 3.645970773803581221e-03
2.118920038558558616e+01 3.567499896952255542e-03
2.121448253303303488e+01 3.490486661552444879e-03
2.123976468048048005e+01 3.414909694865662232e-03
2.126504682792792877e+01 3.340747803863970862e-03
2.129032897537537750e+01 3.267979976893995234e-03
2.131561112282282267e+01 3.196585385245314433e-03
2.134089327027027139e+01 3.126543384624826203e-03
2.136617541771772011e+01 3.057833516538591666e-03
2.139145756516516528e+01 2.990435509582515996e-03
2.141673971261261400e+01 2.924329280643410672e-03
2.144202186006006272e+01 2.859494936012030222e-03
2.146730400750750789e+01 2.795912772409407492e-03
2.149258615495495661e+01 2.733563277928105495e-03
2.151786830240240533e+01 2.672427132889943196e-03
2.154315044984985050e+01 2.612485210621610758e-03
2.156843259729729922e+01 2.553718578149720333e-03
2.159371474474474439e+01 2.496108496816980271e-03
2.161899689219219312e+01 2.439636422820695358e-03
2.164427903963964184e+01 2.384284007675515141e-03
2.166956118708708701e+01 2.330033098601641626e-03
2.169484333453453573e+01 2.276865738840179888e-03
2.172012548198198445e+01 2.224764167897172462e-03
2.174540762942942962e+01 2.173710821717773824e-03
2.177068977687687834e+01 2.123688332792105383e-03
2.179597192432432706e+01 2.074679530194386504e-03
2.182125407177177223e+01 2.026667439556757971e-03
2.184653621921922095e+01 1.979635282979347842e-03
2.187181836666666968e+01 1.933566478878138810e-03
2.189710051411411484e+01 1.888444641772048672e-03
2.192238266156156357e+01 1.844253582010750700e-03
2.194766480900900874e+01 1.800977305444797323e-03
2.197294695645645746e+01 1.758600013039364213e-03
2.199822910390390618e+01 1.717106100433246282e-03
2.202351125135135135e+01 1.676480157444462790e-03
2.204879339879880007e+01 1.636706967523931773e-03
2.207407554624624879e+01 1.597771507158736882e-03
2.209935769369369396e+01 1.559658945226302402e-03
2.212463984114114268e+01 1.522354642300920201e-03
2.214992198858859140e+01 1.485844149914142785e-03
2.217520413603603657e+01 1.450113209770267832e-03
2.220048628348348529e+01 1.415147752918403251e-03
2.222576843093093402e+01 1.380933898882472349e-03
2.225105057837837919e+01 1.347457954750473164e-03
2.227633272582582791e+01 1.314706414224326618e-03
2.230161487327327308e+01 1.282665956631733788e-03
2.232689702072072180e+01 1.251323445901203479e-03
2.235217916816817052e+01 1.220665929501683639e-03
2.237746131561561569e+01 1.190680637347987488e-03
2.240274346306306441e+01 1.161354980673304140e-03
2.242802561051051313e+01 1.132676550870088039e-03
2.245330775795795830e+01 1.104633118300479703e-03
2.247858990540540702e+01 1.077212631077521104e-03
2.250387205285285575e+01 1.050403213818384973e-03
2.252915420030030091e+01 1.024193166370750358e-03
2.255443634774774964e+01 9.985709625135051528e-04
2.257971849519519481e+01 9.735252486329865279e-04
2.260500064264264353e+01 9.490448423757610668e-04
2.263028279009009225e+01 9.251187312792097687e-04
2.265556493753753742e+01 9.017360713808942382e-04
2.268084708498498614e+01 8.788861858078284885e-04
2.270612923243243486e+01 8.565585633467465241e-04
2.273141137987988003e+01 8.347428569963505915e-04
2.275669352732732875e+01 8.134288825025831008e-04
2.278197567477477747e+01 7.926066168779720509e-04
2.280725782222222264e+01 7.722661969059688202e-04
2.283253996966967136e+01 7.523979176312822932e-04
2.285782211711712009e+01 7.329922308371775164e-04
2.288310426456456526e+01 7.140397435106355176e-04
2.290838641201201398e+01 6.955312162962977050e-04
2.293366855945945915e+01 6.774575619401240062e-04
2.295895070690690787e+01 6.598098437235827779e-04
2.298423285435435659e+01 6.425792738892902641e-04
2.300951500180180176e+01 6.257572120589002850e-04
2.303479714924925048e+01 6.093351636440705365e-04
2.306007929669669920e+01 5.933047782513445638e-04
2.308536144414414437e+01 5.776578480816920878e-04
2.311064359159159309e+01 5.623863063254766004e-04
2.313592573903904182e+01 5.474822255536547066e-04
2.316120788648648698e+01 5.329378161058626138e-04
2.318649003393393571e+01 5.187454244761542394e-04
2.321177218138138443e+01 5.048975316970773447e-04
2.323705432882882960e+01 4.913867517227514439e-04
2.326233647627627832e+01 4.782058298116111279e-04
2.328761862372372349e+01 4.653476409094890157e-04
2.331290077117117221e+01 4.528051880336052596e-04
2.333818291861862093e+01 4.405716006581338073e-04
2.336346506606606610e+01 4.286401331018915308e-04
2.338874721351351482e+01 4.170041629187407886e-04
2.341402936096096354e+01 4.056571892912808064e-04
2.343931150840840871e+01 3.945928314283353921e-04
2.346459365585585743e+01 3.838048269667807661e-04
2.348987580330330616e+01 3.732870303782308339e-04
2.351515795075075133e+01 3.630334113810507169e-04
2.354044009819820005e+01 3.530380533581840992e-04
2.356572224564564877e+01 3.432951517812721470e-04
2.359100439309309394e+01 3.337990126414782711e-04
2.361628654054054266e+01 3.245440508874652638e-04
2.364156868798798783e+01 3.155247888709559957e-04
2.366685083543543655e+01 3.067358548002378999e-04
2.369213298288288527e+01 2.981719812020381462e-04
2.371741513033033044e+01 2.898280033921107608e-04
2.374269727777777916e+01 2.816988579549015528e-04
2.376797942522522789e+01 2.737795812326473347e-04
2.379326157267267305e+01 2.660653078242110076e-04
2.381854372012012178e+01 2.585512690939854689e-04
2.384382586756757050e+01 2.512327916911696489e-04
2.386910801501501567e+01 2.441052960796926319e-04
2.389439016246246439e+01 2.371642950790637443e-04
2.391967230990990956e+01 2.304053924164283049e-04
2.394495445735735828e+01 2.238242812900478310e-04
2.397023660480480700e+01 2.174167429444738521e-04
2.399551875225225217e+01 2.111786452576172926e-04
2.402080089969970089e+01 2.051059413399366322e-04
2.404608304714714961e+01 1.991946681459527398e-04
2.407136519459459478e+01 1.934409450982684355e-04
2.409664734204204350e+01 1.878409727242738678e-04
2.412192948948949223e+01 1.823910313057220214e-04
2.414721163693693740e+01 1.770874795413093924e-04
2.417249378438438612e+01 1.719267532224210467e-04
2.419777593183183484e+01 1.669053639221806278e-04
2.422305807927928001e+01 1.620198976979215404e-04
2.424834022672672873e+01 1.572670138071996027e-04
2.427362237417417390e+01 1.526434434374654805e-04
2.429890452162162262e+01 1.481459884494736371e-04
2.432418666906907134e+01 1.437715201345384701e-04
2.434946881651651651e+01 1.395169779857026318e-04
2.437475096396396523e+01 1.353793684828920730e-04
2.440003311141141396e+01 1.313557638921288245e-04
2.442531525885885912e+01 1.274433010788434220e-04
2.445059740630630785e+01 1.236391803353390959e-04
2.447587955375375657e+01 1.199406642224507978e-04
2.450116170120120174e+01 1.163450764254216399e-04
2.452644384864865046e+01 1.128498006240226891e-04
2.455172599609609918e+01 1.094522793769398580e-04
2.457700814354354435e+01 1.061500130204245468e-04
2.460229029099099307e+01 1.029405585812179284e-04
2.462757243843843824e+01 9.982152870374909402e-05
2.465285458588588696e+01 9.679059059158312528e-05
2.467813673333333568e+01 9.384546496311723664e-05
2.470341888078078085e+01 9.098392502149179727e-05
2.472870102822822957e+01 8.820379543869076772e-05
2.475398317567567830e+01 8.550295135380185760e-05
2.477926532312312347e+01 8.287931738538956671e-05
2.480454747057057219e+01 8.033086665793963898e-05
2.482982961801802091e+01 7.785561984232852533e-05
2.485511176546546608e+01 7.545164421025654373e-05
2.488039391291291480e+01 7.311705270258838524e-05
2.490567606036036352e+01 7.085000301154117204e-05
2.493095820780780869e+01 6.864869667664348239e-05
2.495624035525525741e+01 6.651137819439859608e-05
2.498152250270270258e+01 6.443633414157599860e-05
2.500680465015015130e+01 6.242189231204494987e-05
2.503208679759760003e+01 6.046642086707546356e-05
2.505736894504504519e+01 5.856832749900859692e-05
2.508265109249249392e+01 5.672605860821265558e-05
2.510793323993994264e+01 5.493809849323024261e-05
2.513321538738738781e+01 5.320296855401508354e-05
2.515849753483483653e+01 5.151922650816158475e-05
2.518377968228228525e+01 4.988546562002549458e-05
2.520906182972973042e+01 4.830031394262620365e-05
2.523434397717717914e+01 4.676243357222489990e-05
2.525962612462462431e+01 4.527051991547028032e-05
2.528490827207207303e+01 4.382330096899368855e-05
2.531019041951952175e+01 4.241953661134534645e-05
2.533547256696696692e+01 4.105801790714992358e-05
2.536075471441441564e+01 3.973756642336480474e-05
2.538603686186186437e+01 3.845703355752310137e-05
2.541131900930930954e+01 3.721529987783434479e-05
2.543660115675675826e+01 3.601127447502384325e-05
2.546188330420420698e+01 3.484389432578557889e-05
2.548716545165165215e+01 3.371212366771930621e-05
2.551244759909910087e+01 3.261495338562847649e-05
2.553772974654654959e+01 3.155140040904859269e-05
2.556301189399399476e+01 3.052050712087795711e-05
2.558829404144144348e+01 2.952134077697833941e-05
2.561357618888888865e+01 2.855299293661953328e-05
2.563885833633633737e+01 2.761457890362966066e-05
2.566414048378378610e+01 2.670523717812550032e-05
2.568942263123123126e+01 2.582412891868632272e-05
2.571470477867867999e+01 2.497043741483831128e-05
2.573998692612612871e+01 2.414336756971968953e-05
2.576526907357357388e+01 2.334214539278778300e-05
2.579055122102102260e+01 2.256601750243856209e-05
2.581583336846847132e+01 2.181425063840338458e-05
2.584111551591591649e+01 2.108613118378777171e-05
2.586639766336336521e+01 2.038096469662027040e-05
2.589167981081081393e+01 1.969807545077703162e-05
2.591696195825825910e+01 1.903680598614834502e-05
2.594224410570570782e+01 1.839651666791352881e-05
2.596752625315315299e+01 1.777658525479287817e-05
2.599280840060060171e+01 1.717640647614167195e-05
2.601809054804805044e+01 1.659539161775596075e-05
2.604337269549549561e+01 1.603296811625797195e-05
2.606865484294294433e+01 1.548857916192870337e-05
2.609393699039039305e+01 1.496168330985976444e-05
2.611921913783783822e+01 1.445175409929149273e-05
2.614450128528528694e+01 1.395827968101021112e-05
2.616978343273273566e+01 1.348076245267566666e-05
2.619506558018018083e+01 1.301871870194958359e-05
2.622034772762762955e+01 1.257167825730027282e-05
2.624562987507507827e+01 1.213918414635571281e-05
2.627091202252252344e+01 1.172079226168049977e-05
2.629619416996997217e+01 1.131607103385178249e-05
2.632147631741741733e+01 1.092460111171163292e-05
2.634675846486486606e+01 1.054597504967260253e-05
2.637204061231231478e+01 1.017979700195527778e-05
2.639732275975975995e+01 9.825682423637960742e-06
2.642260490720720867e+01 9.483257778397899925e-06
2.644788705465465739e+01 9.152160252827671929e-06
2.647316920210210256e+01 8.832037477207995498e-06
2.649845134954955128e+01 8.522547252621449462e-06
2.652373349699700000e+01 8.223357284293119523e-06
2.654901564444444517e+01 7.934144921043124760e-06
2.657429779189189389e+01 7.654596900739645823e-06
2.659957993933934262e+01 7.384409101640800602e-06
2.662486208678678778e+01 7.123286299515481815e-06
2.665014423423423651e+01 6.870941930433943444e-06
2.667542638168168168e+01 6.627097859121481895e-06
2.670070852912913040e+01 6.391484152768116398e-06
2.672599067657657912e+01 6.163838860189660951e-06
2.675127282402402429e+01 5.943907796236613437e-06
2.677655497147147301e+01 5.731444331347954216e-06
2.680183711891892173e+01 5.526209186149501946e-06
2.682711926636636690e+01 5.327970230996407489e-06
2.685240141381381562e+01 5.136502290361370850e-06
2.687768356126126434e+01 4.951586951971963473e-06
2.690296570870870951e+01 4.773012380600378111e-06
2.692824785615615824e+01 4.600573136411704184e-06
2.695353000360360340e+01 4.434069997777487243e-06
2.697881215105105213e+01 4.273309788462148541e-06
2.700409429849850085e+01 4.118105209092562231e-06
2.702937644594594602e+01 3.968274672820725167e-06
2.705465859339339474e+01 3.823642145092241045e-06
2.707994074084084346e+01 3.684036987433694661e-06
2.710522288828828863e+01 3.549293805173877996e-06
2.713050503573573735e+01 3.419252299014526930e-06
2.715578718318318607e+01 3.293757120368533457e-06
2.718106933063063124e+01 3.172657730383769777e-06
2.720635147807807996e+01 3.055808262572593147e-06
2.723163362552552869e+01 2.943067388968666564e-06
2.725691577297297385e+01 2.834298189733043710e-06
2.728219792042042258e+01 2.729368026133765482e-06
2.730748006786786775e+01 2.628148416824081911e-06
2.733276221531531647e+01 2.530514917345231109e-06
2.735804436276276519e+01 2.436347002782020951e-06
2.738332651021021036e+01 2.345527953499452871e-06
2.740860865765765908e+01 2.257944743890954789e-06
2.743389080510510780e+01 2.173487934069387760e-06
2.745917295255255297e+01 2.092051564433290709e-06
2.748445510000000169e+01 2.013533053042199832e-06
