3.178807947019867424e+04 6.240224142688576947e+00
3.695364238410596590e+04 6.728165568751249381e+00
4.172185430463576631e+04 7.149074871840329415e+00
4.569536423841059150e+04 7.481765914010741980e+00
4.966887417218543123e+04 7.800280178360721628e+00
5.364238410596026370e+04 8.106288949315915815e+00
5.761589403973510343e+04 8.401158860459402078e+00
6.158940397350992862e+04 8.686024399433245335e+00
6.556291390728477563e+04 8.961839629028398591e+00
6.953642384105961537e+04 9.229415973142506502e+00
7.350993377483442600e+04 9.489450398952101295e+00
7.629139072847682110e+04 9.667313672493726529e+00
