3.178807947019867424e+04 2.737764311671215864e+02
3.695364238410596590e+04 3.065072693962881090e+02
4.172185430463576631e+04 3.357148420632639727e+02
4.569536423841059150e+04 3.594197584129304346e+02
4.966887417218543123e+04 3.826141942043599897e+02
5.364238410596026370e+04 4.053488022201661352e+02
5.761589403973510343e+04 4.276658470618206707e+02
6.158940397350992862e+04 4.496010753469460042e+02
6.556291390728477563e+04 4.711850753350219634e+02
6.953642384105961537e+04 4.924442878593651471e+02
7.350993377483442600e+04 5.134017727962618665e+02
7.629139072847682110e+04 5.279034365685834018e+02
