0.000000000000000000e+00 1.000000000000000000e+00
2.000000000000000164e-05 9.932196730872586699e-01
4.000000000000000327e-05 9.778493908044917360e-01
6.000000000000000152e-05 9.611943787569751096e-01
8.000000000000000654e-05 9.458038646103869018e-01
1.000000000000000048e-04 9.313057799342107090e-01
1.200000000000000030e-04 9.174789233673324995e-01
1.399999999999999877e-04 9.044821244844331032e-01
1.600000000000000131e-04 8.923333333946175117e-01
1.800000000000000113e-04 8.808970454862082855e-01
2.000000000000000096e-04 8.700292114730506787e-01
2.200000000000000078e-04 8.596210779456384676e-01
2.400000000000000061e-04 8.496065012827535012e-01
2.599999999999999772e-04 8.399534598054159140e-01
2.799999999999999755e-04 8.306414606747322127e-01
2.999999999999999737e-04 8.216305382031073856e-01
3.200000000000000262e-04 8.128610674004471681e-01
3.400000000000000244e-04 8.042885284933732892e-01
3.600000000000000227e-04 7.958906277641213389e-01
3.800000000000000209e-04 7.876644905583458645e-01
4.000000000000000192e-04 7.796318326178532931e-01
4.200000000000000174e-04 7.718149468341092279e-01
4.400000000000000157e-04 7.642005098950008790e-01
4.600000000000000139e-04 7.567517101915078870e-01
4.800000000000000122e-04 7.494394080281469028e-01
5.000000000000000104e-04 7.422554393334472866e-01
5.199999999999999544e-04 7.352024840636209868e-01
5.400000000000000069e-04 7.282613472989194481e-01
5.599999999999999509e-04 7.214036890680832759e-01
5.800000000000000034e-04 7.146185690522010026e-01
5.999999999999999474e-04 7.079069720323064585e-01
6.199999999999999999e-04 7.012635175522183850e-01
6.400000000000000524e-04 6.946809506373258225e-01
6.599999999999999964e-04 6.881594074942396499e-01
6.800000000000000488e-04 6.816996310531601155e-01
6.999999999999999929e-04 6.753202092877647056e-01
7.200000000000000453e-04 6.690588250835538542e-01
7.399999999999999894e-04 6.629248858621921148e-01
7.600000000000000418e-04 6.568877341022191230e-01
7.799999999999999859e-04 6.509260925115272212e-01
8.000000000000000383e-04 6.450462335514234313e-01
8.199999999999999824e-04 6.392799200426682038e-01
8.400000000000000348e-04 6.336581527443768680e-01
8.599999999999999789e-04 6.281625135187993703e-01
8.800000000000000313e-04 6.227448952145512306e-01
8.999999999999999754e-04 6.173814203485346042e-01
9.200000000000000278e-04 6.120788591568772086e-01
9.399999999999999719e-04 6.068298731118921818e-01
9.600000000000000243e-04 6.016011352959181879e-01
9.799999999999999684e-04 5.963760317926009025e-01
1.000000000000000021e-03 5.911787367914898006e-01
1.020000000000000073e-03 5.860632234906875127e-01
1.039999999999999909e-03 5.810738887685560350e-01
1.059999999999999961e-03 5.762022655020757611e-01
1.080000000000000014e-03 5.714076247256414387e-01
1.100000000000000066e-03 5.666667618158676145e-01
1.119999999999999902e-03 5.619805540193426596e-01
1.139999999999999954e-03 5.573408675911646348e-01
1.160000000000000007e-03 5.527429352954994490e-01
1.180000000000000059e-03 5.482098560056407610e-01
1.199999999999999895e-03 5.437453840230548341e-01
1.219999999999999947e-03 5.393191369626124665e-01
1.240000000000000000e-03 5.349230522858856585e-01
1.260000000000000052e-03 5.305789282997620537e-01
1.280000000000000105e-03 5.263047554816733253e-01
1.299999999999999940e-03 5.221061748884534559e-01
1.319999999999999993e-03 5.179799624115610790e-01
1.340000000000000045e-03 5.139048208119741945e-01
1.360000000000000098e-03 5.098517376222283515e-01
1.379999999999999933e-03 5.058080496244257152e-01
1.399999999999999986e-03 5.017745282387637840e-01
1.420000000000000038e-03 4.977666710265002403e-01
1.440000000000000091e-03 4.938073011361806541e-01
1.459999999999999926e-03 4.898933197692981190e-01
1.479999999999999979e-03 4.860001872517488719e-01
1.500000000000000031e-03 4.821165929384690907e-01
1.520000000000000084e-03 4.782523570128860424e-01
1.539999999999999919e-03 4.744162863876165148e-01
1.559999999999999972e-03 4.706087218839535846e-01
1.580000000000000024e-03 4.668340826664211241e-01
1.600000000000000077e-03 4.631047898630324400e-01
1.619999999999999912e-03 4.594135131617297918e-01
1.639999999999999965e-03 4.557369535016629891e-01
1.660000000000000017e-03 4.520720464603962263e-01
1.680000000000000070e-03 4.484439709799939999e-01
1.699999999999999905e-03 4.448742749324020584e-01
1.719999999999999958e-03 4.413750121972898066e-01
1.740000000000000010e-03 4.379500571618012428e-01
1.760000000000000063e-03 4.345844792593798744e-01
1.779999999999999898e-03 4.312604418342404489e-01
1.799999999999999951e-03 4.279631340802224071e-01
1.820000000000000003e-03 4.246747360364263035e-01
1.840000000000000056e-03 4.213816781956369328e-01
1.860000000000000108e-03 4.181041006708874352e-01
1.879999999999999944e-03 4.148786801963854076e-01
1.899999999999999996e-03 4.116945626447836015e-01
1.920000000000000049e-03 4.085093183575947973e-01
1.940000000000000101e-03 4.053065077783662429e-01
1.959999999999999937e-03 4.020973676174110500e-01
1.979999999999999989e-03 3.989024655173203926e-01
2.000000000000000042e-03 3.957450329209252216e-01
2.020000000000000094e-03 3.926351623973605709e-01
2.040000000000000147e-03 3.895783138255168310e-01
2.060000000000000199e-03 3.865795199263726278e-01
2.079999999999999818e-03 3.836078406266805740e-01
2.099999999999999870e-03 3.806043186207642148e-01
2.119999999999999923e-03 3.775570641996613408e-01
2.139999999999999975e-03 3.745053628507092891e-01
2.160000000000000028e-03 3.714834835247927680e-01
2.180000000000000080e-03 3.685090343874579677e-01
2.200000000000000133e-03 3.656026875201056625e-01
2.220000000000000185e-03 3.627654725706038752e-01
2.239999999999999804e-03 3.599719795939138045e-01
2.259999999999999856e-03 3.572057502872478807e-01
2.279999999999999909e-03 3.544625850945323786e-01
2.299999999999999961e-03 3.517344429163272168e-01
2.320000000000000014e-03 3.490177077070361067e-01
2.340000000000000066e-03 3.463148094592745085e-01
2.360000000000000119e-03 3.436321481370061548e-01
2.380000000000000171e-03 3.409854471079729610e-01
2.399999999999999790e-03 3.383835575200794810e-01
2.419999999999999842e-03 3.358125859748522513e-01
2.439999999999999895e-03 3.332476483223341113e-01
2.459999999999999947e-03 3.306815338691662109e-01
2.480000000000000000e-03 3.281228698391786547e-01
2.500000000000000052e-03 3.255733863502848213e-01
2.520000000000000104e-03 3.230229652501161453e-01
2.540000000000000157e-03 3.204724840288993293e-01
2.560000000000000209e-03 3.179434577538670648e-01
2.579999999999999828e-03 3.154598229706022106e-01
2.599999999999999881e-03 3.130281907425758181e-01
2.619999999999999933e-03 3.106319882351665784e-01
2.639999999999999986e-03 3.082487673196508404e-01
2.660000000000000038e-03 3.058658203173200141e-01
2.680000000000000090e-03 3.034755988904745405e-01
2.700000000000000143e-03 3.010641351852854641e-01
2.720000000000000195e-03 2.986227139392740315e-01
2.739999999999999814e-03 2.961561284651323400e-01
2.759999999999999867e-03 2.936779261482289072e-01
2.779999999999999919e-03 2.912098557992142123e-01
2.799999999999999972e-03 2.887721889512314677e-01
2.820000000000000024e-03 2.863759908807155807e-01
2.840000000000000076e-03 2.840193156433259980e-01
2.860000000000000129e-03 2.816889089222672227e-01
2.880000000000000181e-03 2.793785772316145777e-01
2.899999999999999800e-03 2.770841845919611579e-01
2.919999999999999853e-03 2.747916567732323623e-01
2.939999999999999905e-03 2.725019812094003346e-01
2.959999999999999958e-03 2.702489305295122102e-01
2.980000000000000010e-03 2.680534286173059111e-01
3.000000000000000062e-03 2.658986850097456722e-01
3.020000000000000115e-03 2.637606322279061888e-01
3.040000000000000167e-03 2.616206105328103826e-01
3.059999999999999786e-03 2.594697129925568335e-01
3.079999999999999839e-03 2.573217645712818635e-01
3.099999999999999891e-03 2.551959399209250412e-01
3.119999999999999944e-03 2.531041914948173321e-01
3.139999999999999996e-03 2.510601533197885926e-01
3.160000000000000048e-03 2.490660788621635313e-01
3.180000000000000101e-03 2.470978624060434781e-01
3.200000000000000153e-03 2.451320735988512522e-01
3.220000000000000206e-03 2.431750510194589932e-01
3.239999999999999825e-03 2.412561206920725010e-01
3.259999999999999877e-03 2.393866084598072208e-01
3.279999999999999930e-03 2.375407037686017020e-01
3.299999999999999982e-03 2.356906835115390175e-01
3.320000000000000034e-03 2.338525038769689035e-01
3.340000000000000087e-03 2.320662445537178820e-01
3.360000000000000139e-03 2.303601280658380546e-01
3.380000000000000192e-03 2.287196704534503466e-01
3.399999999999999811e-03 2.271026806033996925e-01
3.419999999999999863e-03 2.254743594404836349e-01
3.439999999999999915e-03 2.238243409172552822e-01
3.459999999999999968e-03 2.221615861329419850e-01
3.480000000000000020e-03 2.205017146092999314e-01
3.500000000000000073e-03 2.188489662971971617e-01
3.520000000000000125e-03 2.172024504946382661e-01
3.540000000000000178e-03 2.155596535378622169e-01
3.559999999999999797e-03 2.139151052016105836e-01
3.579999999999999849e-03 2.122726670903717638e-01
3.599999999999999901e-03 2.106389153422165705e-01
3.619999999999999954e-03 2.090069792876990962e-01
3.640000000000000006e-03 2.073560861387619692e-01
3.660000000000000059e-03 2.056852379756899107e-01
3.680000000000000111e-03 2.040239434255967099e-01
3.700000000000000164e-03 2.023873139978456526e-01
3.720000000000000216e-03 2.007641454695467398e-01
3.739999999999999835e-03 1.991441922358451466e-01
3.759999999999999887e-03 1.975440796408320931e-01
3.779999999999999940e-03 1.959764659586658020e-01
3.799999999999999992e-03 1.944331192108787465e-01
3.820000000000000045e-03 1.929141450799327917e-01
3.840000000000000097e-03 1.914319592664807390e-01
3.860000000000000150e-03 1.899864091200587080e-01
3.880000000000000202e-03 1.885579336837265862e-01
3.899999999999999821e-03 1.871283108015607821e-01
3.919999999999999873e-03 1.856974916567978029e-01
3.939999999999999926e-03 1.842746677531781618e-01
3.959999999999999978e-03 1.828525678151399492e-01
3.980000000000000031e-03 1.814051913676119898e-01
4.000000000000000083e-03 1.799218493200538393e-01
4.020000000000000136e-03 1.784228071646388192e-01
4.040000000000000188e-03 1.769224130155927777e-01
4.060000000000000241e-03 1.754288381951960574e-01
4.080000000000000293e-03 1.739531389724340571e-01
4.100000000000000346e-03 1.724972239636074212e-01
4.120000000000000398e-03 1.710610484363097872e-01
4.139999999999999583e-03 1.696478197250646525e-01
4.159999999999999636e-03 1.682460562078778310e-01
4.179999999999999688e-03 1.668369739742300850e-01
4.199999999999999740e-03 1.654326970529627072e-01
4.219999999999999793e-03 1.640593029682572146e-01
4.239999999999999845e-03 1.627049848604944504e-01
4.259999999999999898e-03 1.613461115155037928e-01
4.279999999999999950e-03 1.599860858574375655e-01
4.300000000000000003e-03 1.586408388647888301e-01
4.320000000000000055e-03 1.573250955824824215e-01
4.340000000000000108e-03 1.560402144496246535e-01
4.360000000000000160e-03 1.547724298991843550e-01
4.380000000000000213e-03 1.535139348663865644e-01
4.400000000000000265e-03 1.522814695187324208e-01
4.420000000000000318e-03 1.511055425405318509e-01
4.440000000000000370e-03 1.499959351028584131e-01
4.460000000000000422e-03 1.489276324554910935e-01
4.479999999999999608e-03 1.478575708531501554e-01
4.499999999999999660e-03 1.467591809523695612e-01
4.519999999999999712e-03 1.456234489247590080e-01
4.539999999999999765e-03 1.444350898634354785e-01
4.559999999999999817e-03 1.431901154112671104e-01
4.579999999999999870e-03 1.419061383454436887e-01
4.599999999999999922e-03 1.406009419675306460e-01
4.619999999999999975e-03 1.392791933318279218e-01
4.640000000000000027e-03 1.379328436091418475e-01
4.660000000000000080e-03 1.365518216686050779e-01
4.680000000000000132e-03 1.351472029197412217e-01
4.700000000000000185e-03 1.337534206078488108e-01
4.720000000000000237e-03 1.324031515497312572e-01
4.740000000000000289e-03 1.310993674532148212e-01
4.760000000000000342e-03 1.298295780608370587e-01
4.780000000000000394e-03 1.286085134832814503e-01
4.799999999999999580e-03 1.274556904401595581e-01
4.819999999999999632e-03 1.263523081708478046e-01
4.839999999999999684e-03 1.252696979819659939e-01
4.859999999999999737e-03 1.242079204830329187e-01
4.879999999999999789e-03 1.231941066818052349e-01
4.899999999999999842e-03 1.222424754488318638e-01
4.919999999999999894e-03 1.213316328287829815e-01
4.939999999999999947e-03 1.204231780711941258e-01
4.959999999999999999e-03 1.194932197892449172e-01
4.980000000000000052e-03 1.185284234648771029e-01
5.000000000000000104e-03 1.175293261831284602e-01
5.020000000000000157e-03 1.165178742055287126e-01
5.040000000000000209e-03 1.155181589587183089e-01
5.060000000000000261e-03 1.145200443444647082e-01
5.080000000000000314e-03 1.135090256674438636e-01
5.100000000000000366e-03 1.125007654226382603e-01
5.120000000000000419e-03 1.115096373522092843e-01
5.139999999999999604e-03 1.105218703337331604e-01
5.159999999999999656e-03 1.095269292184278542e-01
5.179999999999999709e-03 1.085237607408853916e-01
5.199999999999999761e-03 1.074899540297034745e-01
5.219999999999999814e-03 1.063957833754715365e-01
5.239999999999999866e-03 1.052471561595188787e-01
5.259999999999999919e-03 1.040702770237093427e-01
5.279999999999999971e-03 1.028922589936886040e-01
5.300000000000000024e-03 1.017321960458719837e-01
5.320000000000000076e-03 1.005897817641937253e-01
5.340000000000000129e-03 9.945341538638456658e-02
5.360000000000000181e-03 9.831784938045655398e-02
5.380000000000000233e-03 9.718758189382165069e-02
5.400000000000000286e-03 9.606452436711454546e-02
5.420000000000000338e-03 9.495255934481271198e-02
5.440000000000000391e-03 9.387338156769715891e-02
5.459999999999999576e-03 9.285403455032151254e-02
5.479999999999999628e-03 9.189064015090632476e-02
5.499999999999999681e-03 9.095657263831254113e-02
5.519999999999999733e-03 9.004410466582035699e-02
5.539999999999999786e-03 8.915120355646598271e-02
5.559999999999999838e-03 8.826669800351737150e-02
5.579999999999999891e-03 8.740089979912220308e-02
5.599999999999999943e-03 8.657806784584119730e-02
5.619999999999999996e-03 8.580945185163257882e-02
5.640000000000000048e-03 8.509216412711885502e-02
5.660000000000000100e-03 8.440981653878555646e-02
5.680000000000000153e-03 8.372970705582195861e-02
5.700000000000000205e-03 8.302684548319082258e-02
5.720000000000000258e-03 8.230480595554051648e-02
5.740000000000000310e-03 8.158531396511052580e-02
5.760000000000000363e-03 8.088323130557048546e-02
5.780000000000000415e-03 8.019685820781460861e-02
5.799999999999999600e-03 7.952193937230321585e-02
5.819999999999999653e-03 7.885942020785373374e-02
5.839999999999999705e-03 7.820343783707482677e-02
5.859999999999999758e-03 7.754084173362063570e-02
5.879999999999999810e-03 7.686444135402875633e-02
5.899999999999999863e-03 7.618425840915268865e-02
5.919999999999999915e-03 7.553083614894294529e-02
5.939999999999999968e-03 7.492885805727213244e-02
5.960000000000000020e-03 7.436340564850786594e-02
5.980000000000000072e-03 7.381166316703438590e-02
6.000000000000000125e-03 7.327322854074985736e-02
6.020000000000000177e-03 7.274432670778052668e-02
6.040000000000000230e-03 7.219844117366860936e-02
6.060000000000000282e-03 7.159789255647119877e-02
6.080000000000000335e-03 7.091545171733160124e-02
6.100000000000000387e-03 7.015230801319276288e-02
6.119999999999999572e-03 6.933948554301336276e-02
6.139999999999999625e-03 6.850902373830702885e-02
6.159999999999999677e-03 6.767061043619572447e-02
6.179999999999999730e-03 6.682741838074675311e-02
6.199999999999999782e-03 6.600723485174024574e-02
6.219999999999999835e-03 6.524027751706439060e-02
6.239999999999999887e-03 6.452624446343104003e-02
6.259999999999999939e-03 6.383456775905781144e-02
6.279999999999999992e-03 6.314493881992193358e-02
6.300000000000000044e-03 6.247120440707319700e-02
6.320000000000000097e-03 6.184090277232270894e-02
6.340000000000000149e-03 6.125601927493259241e-02
6.360000000000000202e-03 6.069532759288576856e-02
6.380000000000000254e-03 6.014391894025765406e-02
6.400000000000000307e-03 5.960424984281405963e-02
6.420000000000000359e-03 5.908323963347705821e-02
6.440000000000000412e-03 5.857674307281427600e-02
6.459999999999999597e-03 5.807383208414403780e-02
6.479999999999999649e-03 5.758291667125967767e-02
6.499999999999999702e-03 5.713534821014251003e-02
6.519999999999999754e-03 5.672742655131534500e-02
6.539999999999999807e-03 5.630450456705032164e-02
6.559999999999999859e-03 5.582682279247427881e-02
6.579999999999999911e-03 5.529899981354580163e-02
6.599999999999999964e-03 5.475272626997080422e-02
6.620000000000000016e-03 5.420463835829197191e-02
6.640000000000000069e-03 5.364342734939021862e-02
6.660000000000000121e-03 5.306377590917662340e-02
6.680000000000000174e-03 5.248595688022515693e-02
6.700000000000000226e-03 5.192120791197758767e-02
6.720000000000000279e-03 5.136294957254577270e-02
6.740000000000000331e-03 5.079302097808711253e-02
6.760000000000000384e-03 5.019190412265978063e-02
6.779999999999999569e-03 4.955178497542072485e-02
6.799999999999999621e-03 4.887579247247684361e-02
6.819999999999999674e-03 4.817565554040073583e-02
6.839999999999999726e-03 4.747296822314751169e-02
6.859999999999999779e-03 4.678897351455327952e-02
6.879999999999999831e-03 4.613839799728368385e-02
6.899999999999999883e-03 4.554160430578999691e-02
6.919999999999999936e-03 4.501592319346936488e-02
6.939999999999999988e-03 4.455954084732974968e-02
6.960000000000000041e-03 4.415350182533301499e-02
6.980000000000000093e-03 4.376113906111629703e-02
7.000000000000000146e-03 4.334298083069122037e-02
7.020000000000000198e-03 4.289026558101618342e-02
7.040000000000000251e-03 4.242701590152312546e-02
7.060000000000000303e-03 4.197430642514370092e-02
7.080000000000000356e-03 4.152889793087079923e-02
7.100000000000000408e-03 4.107326735691769343e-02
7.119999999999999593e-03 4.059541561974167739e-02
7.139999999999999646e-03 4.009420526821627639e-02
7.159999999999999698e-03 3.957183149996808952e-02
7.179999999999999750e-03 3.903202590958040896e-02
7.199999999999999803e-03 3.848494833475944732e-02
7.219999999999999855e-03 3.794630343570739445e-02
7.239999999999999908e-03 3.742132521790210442e-02
7.259999999999999960e-03 3.690468945489326635e-02
7.280000000000000013e-03 3.639241860710450138e-02
7.300000000000000065e-03 3.588134406313442382e-02
7.320000000000000118e-03 3.538003378124327664e-02
7.340000000000000170e-03 3.491328592719664808e-02
7.360000000000000223e-03 3.449727722223259324e-02
7.380000000000000275e-03 3.412192129426176029e-02
7.400000000000000328e-03 3.376473612623208387e-02
7.420000000000000380e-03 3.340147577082307889e-02
7.440000000000000432e-03 3.302895525578692509e-02
7.459999999999999618e-03 3.267478834029656498e-02
7.479999999999999670e-03 3.235047151625004835e-02
7.499999999999999722e-03 3.202230256238870754e-02
7.519999999999999775e-03 3.166324691171629180e-02
7.539999999999999827e-03 3.129175550416386786e-02
7.559999999999999880e-03 3.094045476259895885e-02
7.579999999999999932e-03 3.062359711466403067e-02
7.599999999999999985e-03 3.034044138701746940e-02
7.620000000000000037e-03 3.008295988076514077e-02
7.640000000000000090e-03 2.983113887625726476e-02
7.660000000000000142e-03 2.955151318528599982e-02
7.680000000000000195e-03 2.921955506225775920e-02
7.700000000000000247e-03 2.884357218439539960e-02
7.720000000000000299e-03 2.845373157229058939e-02
7.740000000000000352e-03 2.807923021348328330e-02
7.760000000000000404e-03 2.773515630746715976e-02
7.779999999999999589e-03 2.741116764085966759e-02
7.799999999999999642e-03 2.708281055227767381e-02
7.820000000000000562e-03 2.674061172972924671e-02
7.839999999999999747e-03 2.638715362987479468e-02
7.860000000000000667e-03 2.601739493699715619e-02
7.879999999999999852e-03 2.563979945605323468e-02
7.900000000000000772e-03 2.527403444522678677e-02
7.919999999999999957e-03 2.491842914526307129e-02
7.939999999999999142e-03 2.455442113802050810e-02
7.960000000000000062e-03 2.417319725515920670e-02
7.979999999999999247e-03 2.376923484536771353e-02
8.000000000000000167e-03 2.333055282691339286e-02
8.019999999999999352e-03 2.285224685899196750e-02
8.040000000000000271e-03 2.234880285743964107e-02
8.059999999999999457e-03 2.184317556395422646e-02
8.080000000000000376e-03 2.136284683102377541e-02
8.099999999999999561e-03 2.093303343031768793e-02
8.120000000000000481e-03 2.053920691283591879e-02
8.139999999999999666e-03 2.012528005212762747e-02
8.160000000000000586e-03 1.965060514186281471e-02
8.179999999999999771e-03 1.911915005695042497e-02
8.200000000000000691e-03 1.856838107838466173e-02
8.219999999999999876e-03 1.805792504437311527e-02
8.240000000000000796e-03 1.762797115375944537e-02
8.259999999999999981e-03 1.725445712393728487e-02
8.279999999999999166e-03 1.689617480500857361e-02
8.300000000000000086e-03 1.654869818266633402e-02
8.319999999999999271e-03 1.622375852792394546e-02
8.340000000000000191e-03 1.592162345291735226e-02
8.359999999999999376e-03 1.563564121836611906e-02
8.380000000000000296e-03 1.536080023571587128e-02
8.399999999999999481e-03 1.509562263098673980e-02
8.420000000000000401e-03 1.484648520628324003e-02
8.439999999999999586e-03 1.461717763992226998e-02
8.460000000000000506e-03 1.438754434436045025e-02
8.479999999999999691e-03 1.412782956895532530e-02
8.500000000000000611e-03 1.383258502980852338e-02
8.519999999999999796e-03 1.352319136260347887e-02
8.540000000000000716e-03 1.322150662523387948e-02
8.559999999999999901e-03 1.294705129677133255e-02
8.580000000000000820e-03 1.272346972222640135e-02
8.600000000000000006e-03 1.255390261032084120e-02
8.619999999999999191e-03 1.241222030210522263e-02
8.640000000000000110e-03 1.227792234000899506e-02
8.659999999999999296e-03 1.214856156538758787e-02
8.680000000000000215e-03 1.202664078934730790e-02
8.699999999999999400e-03 1.191566907808262223e-02
8.720000000000000320e-03 1.180942243896917696e-02
8.739999999999999505e-03 1.168850505112879398e-02
8.760000000000000425e-03 1.154070975145959910e-02
8.779999999999999610e-03 1.138315346125828853e-02
8.800000000000000530e-03 1.123221863507656466e-02
8.819999999999999715e-03 1.107839458472548860e-02
8.840000000000000635e-03 1.091677136244935571e-02
8.859999999999999820e-03 1.076842448743262244e-02
8.880000000000000740e-03 1.063811257575358708e-02
8.899999999999999925e-03 1.047963805468134744e-02
8.920000000000000845e-03 1.025552649935476852e-02
8.940000000000000030e-03 9.979966857576575562e-03
8.959999999999999215e-03 9.686949983945720294e-03
8.980000000000000135e-03 9.403067185360229965e-03
8.999999999999999320e-03 9.150779374157824025e-03
9.020000000000000240e-03 8.932598047931384483e-03
9.039999999999999425e-03 8.730210192993441073e-03
9.060000000000000345e-03 8.525892916454873988e-03
9.079999999999999530e-03 8.323520322665338075e-03
9.100000000000000450e-03 8.137764566833852881e-03
9.119999999999999635e-03 7.968413460735930889e-03
9.140000000000000555e-03 7.815423746016863030e-03
9.159999999999999740e-03 7.690963282630094988e-03
9.180000000000000659e-03 7.588822008127191904e-03
9.199999999999999845e-03 7.473271674188158506e-03
9.220000000000000764e-03 7.331181937774766677e-03
9.239999999999999949e-03 7.189914943615036309e-03
9.259999999999999135e-03 7.081214236585003062e-03
9.280000000000000054e-03 7.007708636354795760e-03
9.299999999999999239e-03 6.932758018662009240e-03
9.320000000000000159e-03 6.816247511181431490e-03
9.339999999999999344e-03 6.657386090995083376e-03
9.360000000000000264e-03 6.490548894133465682e-03
9.379999999999999449e-03 6.348122481934215071e-03
9.400000000000000369e-03 6.236350778332908421e-03
9.419999999999999554e-03 6.154466073223044745e-03
9.440000000000000474e-03 6.105038705999703275e-03
9.459999999999999659e-03 6.075413825028572364e-03
9.480000000000000579e-03 6.047484745367704730e-03
9.499999999999999764e-03 6.008921306487368004e-03
9.520000000000000684e-03 5.957045129513353389e-03
9.539999999999999869e-03 5.902730662930547392e-03
9.560000000000000789e-03 5.847834595818749912e-03
9.579999999999999974e-03 5.769752222180585949e-03
9.599999999999999159e-03 5.647045072125751394e-03
9.620000000000000079e-03 5.482137001612474685e-03
9.639999999999999264e-03 5.291681935733564754e-03
9.660000000000000184e-03 5.084012062998683260e-03
9.679999999999999369e-03 4.856024156833791197e-03
9.700000000000000289e-03 4.609997337444622818e-03
9.719999999999999474e-03 4.360445574009664572e-03
9.740000000000000394e-03 4.120600908487510351e-03
9.759999999999999579e-03 3.903972222950663051e-03
9.780000000000000498e-03 3.715562260931700670e-03
9.799999999999999684e-03 3.556680896987609621e-03
9.820000000000000603e-03 3.425815720197020100e-03
9.839999999999999789e-03 3.319522079169447571e-03
9.860000000000000708e-03 3.237072828193788849e-03
9.879999999999999893e-03 3.159751907139319530e-03
9.900000000000000813e-03 3.064729622990901899e-03
9.919999999999999998e-03 2.962349717136467803e-03
9.939999999999999183e-03 2.866659440984681631e-03
9.960000000000000103e-03 2.772883075756829921e-03
9.979999999999999288e-03 2.682672452491507899e-03
1.000000000000000021e-02 2.601096302909439075e-03
1.001999999999999939e-02 2.523342198171921180e-03
1.004000000000000031e-02 2.449879193827143430e-03
1.005999999999999950e-02 2.391409214670352397e-03
1.008000000000000042e-02 2.361887002138099607e-03
1.009999999999999960e-02 2.375016669452050845e-03
1.012000000000000052e-02 2.431971016557293516e-03
1.013999999999999971e-02 2.517571837676252713e-03
1.016000000000000063e-02 2.611154523293432103e-03
1.017999999999999981e-02 2.705254213139384866e-03
1.020000000000000073e-02 2.803421194471696076e-03
1.021999999999999992e-02 2.913128393570255017e-03
1.024000000000000084e-02 3.040820088118643960e-03
1.026000000000000002e-02 3.174791164228278270e-03
1.027999999999999921e-02 3.291068907613925714e-03
1.030000000000000013e-02 3.377214096667711940e-03
1.031999999999999931e-02 3.429942808970180834e-03
1.034000000000000023e-02 3.443271377698028154e-03
1.035999999999999942e-02 3.426061650639962691e-03
1.038000000000000034e-02 3.402349323154619208e-03
1.039999999999999952e-02 3.385583349978880247e-03
1.042000000000000044e-02 3.380006515382715741e-03
1.043999999999999963e-02 3.386156599602278827e-03
1.046000000000000055e-02 3.399777019118583113e-03
1.047999999999999973e-02 3.416329832955795984e-03
1.050000000000000065e-02 3.442480139340017755e-03
1.051999999999999984e-02 3.487821904944364126e-03
1.054000000000000076e-02 3.543981274514579338e-03
1.055999999999999994e-02 3.590642224741558489e-03
1.058000000000000086e-02 3.620747442808290584e-03
1.060000000000000005e-02 3.639677005323807384e-03
1.061999999999999923e-02 3.649028143355021771e-03
1.064000000000000015e-02 3.654758430851937599e-03
1.065999999999999934e-02 3.665395559610324337e-03
1.068000000000000026e-02 3.675605692982722612e-03
1.069999999999999944e-02 3.667618288581574962e-03
1.072000000000000036e-02 3.634168729348298457e-03
1.073999999999999955e-02 3.589709805243329437e-03
1.076000000000000047e-02 3.539860852479555838e-03
1.077999999999999965e-02 3.470692271564973248e-03
1.080000000000000057e-02 3.376144683061772268e-03
1.081999999999999976e-02 3.266161376945031242e-03
1.084000000000000068e-02 3.148133424073174154e-03
1.085999999999999986e-02 3.021667451910187673e-03
1.088000000000000078e-02 2.897601608571155792e-03
1.089999999999999997e-02 2.795400356235081332e-03
1.091999999999999915e-02 2.707495238287599155e-03
1.094000000000000007e-02 2.606722514757411728e-03
1.095999999999999926e-02 2.481063779317071311e-03
1.098000000000000018e-02 2.332536987675643599e-03
1.099999999999999936e-02 2.150895149897753822e-03
1.102000000000000028e-02 1.923138947887297534e-03
1.103999999999999947e-02 1.653905888267887848e-03
1.106000000000000039e-02 1.376415751258590250e-03
1.107999999999999957e-02 1.126676940940057924e-03
1.110000000000000049e-02 9.012952925264336142e-04
1.111999999999999968e-02 6.774737846625341091e-04
1.114000000000000060e-02 4.472734119479795109e-04
1.115999999999999978e-02 2.129884748143579985e-04
1.118000000000000070e-02 -2.444313189968911763e-05
