0.0012839125 0.000248871022969562
0.00152945 0.000452492769035567
0.0014919125 0.000614097329405412
0.0015335125 0.000808022801849226
0.0020176 0.000969627362219072
0.002059525 0.00116355283466289
0.0023973625 0.00155140377955051
0.002259725 0.00190693381236417
0.0023252125 0.0022947847572518
0.0030363125 0.00294120299873118
0.003606525 0.00452492769035567
0.003780725 0.00601168964575825
0.003823625 0.00749845160116082
0.00307645 0.0107305428085577
0.00343265 0.0139626340159546
0.00333125 0.0171947252233515
0.0040015625 0.0204268164307484
0.0027730625 0.0268909988455423
0.002106325 0.0333551812603361
0.0020535125 0.0398193636751299
0.0018442125 0.0462835460899237
