0.0034458125 0.000248871022969562
0.0044695625 0.000452492769035567
0.0046554625 0.000614097329405412
0.00510705 0.000808022801849226
0.005555225 0.000969627362219072
0.005715125 0.00116355283466289
0.0060692125 0.00155140377955051
0.00689 0.00190693381236417
0.0069681625 0.0022947847572518
0.007394725 0.00294120299873118
0.007165925 0.00452492769035567
0.0075525125 0.00601168964575825
0.0072931625 0.00749845160116082
0.0067912 0.0107305428085577
0.0064884625 0.0139626340159546
0.0058482125 0.0171947252233515
0.004064125 0.0204268164307484
0.003245125 0.0268909988455423
0.0020203625 0.0333551812603361
0.0018331625 0.0398193636751299
0.0012878125 0.0462835460899237
