0.004194125 0.000248871022969562
0.0050207625 0.000452492769035567
0.0047685625 0.000614097329405412
0.0050708125 0.000808022801849226
0.0050454625 0.000969627362219072
0.00494325 0.00116355283466289
0.0046449 0.00155140377955051
0.0041887625 0.00190693381236417
0.0039586625 0.0022947847572518
0.0034120125 0.00294120299873118
0.0024045125 0.00452492769035567
0.001795625 0.00601168964575825
0.00157625 0.00749845160116082
0.0019274125 0.0107305428085577
0.001958125 0.0139626340159546
0.00235625 0.0171947252233515
0.0021945625 0.0204268164307484
0.0020632625 0.0268909988455423
0.002111525 0.0333551812603361
0.0018630625 0.0398193636751299
0.001670825 0.0462835460899237
