0.00664105 0.000248871022969562
0.0079405625 0.000452492769035567
0.0088700625 0.000614097329405412
0.0094843125 0.000808022801849226
0.0099905 0.000969627362219072
0.00976625 0.00116355283466289
0.0103475125 0.00155140377955051
0.009232925 0.00190693381236417
0.0093374125 0.0022947847572518
0.0090077 0.00294120299873118
0.0080465125 0.00452492769035567
0.0073191625 0.00601168964575825
0.0057005 0.00749845160116082
0.0032786 0.0107305428085577
0.001834625 0.0139626340159546
0.0009023625 0.0171947252233515
0.00078845 0.0204268164307484
0.0007827625 0.0268909988455423
0.0009802 0.0333551812603361
0.0008146125 0.0398193636751299
0.0007067125 0.0462835460899237
