7.65e-05 0.000248871022969562
4.225e-05 0.000452492769035567
0.000161 0.000614097329405412
-2.025e-05 0.000808022801849226
-1.025e-05 0.000969627362219072
-0.00022175 0.00116355283466289
-8.25e-05 0.00155140377955051
-0.0001375 0.00190693381236417
-0.00014375 0.0022947847572518
0.0001225 0.00294120299873118
-0.0003845 0.00452492769035567
-0.000255 0.00601168964575825
-0.00090825 0.00749845160116082
-0.00127325 0.0107305428085577
-0.00110925 0.0139626340159546
-0.000558 0.0171947252233515
-0.0006805 0.0204268164307484
-0.00067975 0.0268909988455423
-0.00045925 0.0333551812603361
0.00011375 0.0398193636751299
-7.175e-05 0.0462835460899237
