0.000718 0.000248871022969562
0.00079975 0.000452492769035567
0.00095525 0.000614097329405412
0.00101575 0.000808022801849226
0.00109325 0.000969627362219072
0.00135575 0.00116355283466289
0.00145575 0.00155140377955051
0.00162275 0.00190693381236417
0.00171525 0.0022947847572518
0.00196775 0.00294120299873118
0.0021675 0.00452492769035567
0.0024335 0.00601168964575825
0.0024405 0.00749845160116082
0.0021175 0.0107305428085577
0.00195875 0.0139626340159546
0.0016535 0.0171947252233515
0.001199 0.0204268164307484
0.00091225 0.0268909988455423
0.00028475 0.0333551812603361
9.75e-06 0.0398193636751299
7.525e-05 0.0462835460899237
