0.00115325 0.000248871022969562
0.001538 0.000452492769035567
0.001335 0.000614097329405412
0.00142275 0.000808022801849226
0.0016105 0.000969627362219072
0.00140825 0.00116355283466289
0.00149175 0.00155140377955051
0.0011785 0.00190693381236417
0.00115625 0.0022947847572518
0.00112575 0.00294120299873118
0.000593 0.00452492769035567
0.00026475 0.00601168964575825
5.375e-05 0.00749845160116082
-0.0001545 0.0107305428085577
-0.00033725 0.0139626340159546
-0.00047375 0.0171947252233515
-0.00045975 0.0204268164307484
-0.0005025 0.0268909988455423
-0.000528 0.0333551812603361
-0.000282 0.0398193636751299
-0.0001095 0.0462835460899237
