0.001871 0.000248871022969562
0.00209975 0.000452492769035567
0.00224875 0.000614097329405412
0.00279375 0.000808022801849226
0.002871 0.000969627362219072
0.0027655 0.00116355283466289
0.00315 0.00155140377955051
0.002895 0.00190693381236417
0.00277975 0.0022947847572518
0.002853 0.00294120299873118
0.00258325 0.00452492769035567
0.0023675 0.00601168964575825
0.0018015 0.00749845160116082
0.00097025 0.0107305428085577
0.000333 0.0139626340159546
-4.4e-05 0.0171947252233515
-0.00021075 0.0204268164307484
-0.000297 0.0268909988455423
-0.0002665 0.0333551812603361
-0.00015675 0.0398193636751299
-8.125e-05 0.0462835460899237
