0.3795 0.000210085928480799
0.388 0.000242406840554768
0.406 0.000284424026250928
0.425 0.000329673303154484
0.4395 0.000374922580058041
0.453 0.000416939765754201
0.4465 0.000416939765754201
0.4695 0.000475117407487345
0.495 0.000581776417331443
0.496 0.000581776417331443
0.51 0.000646418241479381
0.526 0.000775701889775257
0.5445 0.000904985538071134
0.5705 0.00106659009844098
0.587 0.00126051557088479
0.614 0.00148676195540258
0.6555 0.00174532925199433
0.6385 0.0017776501640683
0.664 0.00210085928480799
0.69 0.00210085928480799
0.7155 0.00248871022969562
0.7415 0.00290888208665722
0.7325 0.00290888208665722
0.7565 0.0035553003281366
0.79 0.00442796495413376
0.818 0.00559151778879665
0.8355 0.00743380977701288
0.8455 0.00959931088596881
0.832 0.0121526629398124
0.8295 0.0144474476970642
0.8295 0.0160634933007626
0.826 0.0193925472443814
0.818 0.0226246384517783
0.808 0.0258567296591752
0.7855 0.0290888208665722
0.783 0.0323209120739691
0.771 0.0387850944887629
0.757 0.0452492769035567
0.7595 0.0517134593183505
