0.137 0.000210085928480799
0.132 0.000242406840554768
0.1545 0.000284424026250928
0.144 0.000329673303154484
0.137 0.000374922580058041
0.1375 0.000416939765754201
0.158 0.000416939765754201
0.157 0.000475117407487345
0.1605 0.000581776417331443
0.1695 0.000581776417331443
0.163 0.000646418241479381
0.1825 0.000775701889775257
0.175 0.000904985538071134
0.1665 0.00106659009844098
0.171 0.00126051557088479
0.1425 0.00148676195540258
0.197 0.00174532925199433
0.2005 0.0017776501640683
0.156 0.00210085928480799
0.1455 0.00210085928480799
0.1415 0.00248871022969562
0.1345 0.00290888208665722
0.1355 0.00290888208665722
0.118 0.0035553003281366
0.136 0.00442796495413376
0.1205 0.00559151778879665
0.1215 0.00743380977701288
0.0925 0.00959931088596881
0.0915 0.0121526629398124
0.076 0.0144474476970642
0.078 0.0160634933007626
0.059 0.0193925472443814
0.0315 0.0226246384517783
0.011 0.0258567296591752
0.0055 0.0290888208665722
-0.007 0.0323209120739691
-0.0155 0.0387850944887629
-0.01 0.0452492769035567
0 0.0517134593183505
