0.4 0.000210085928480799
0.414 0.000242406840554768
0.443 0.000284424026250928
0.455 0.000329673303154484
0.4725 0.000374922580058041
0.4945 0.000416939765754201
0.4865 0.000416939765754201
0.5025 0.000475117407487345
0.5335 0.000581776417331443
0.536 0.000581776417331443
0.543 0.000646418241479381
0.57 0.000775701889775257
0.5975 0.000904985538071134
0.6085 0.00106659009844098
0.639 0.00126051557088479
0.6525 0.00148676195540258
0.698 0.00174532925199433
0.684 0.0017776501640683
0.7125 0.00210085928480799
0.7175 0.00210085928480799
0.7525 0.00248871022969562
0.779 0.00290888208665722
0.7725 0.00290888208665722
0.797 0.0035553003281366
0.837 0.00442796495413376
0.8865 0.00559151778879665
0.9435 0.00743380977701288
0.986 0.00959931088596881
1.0435 0.0121526629398124
1.067 0.0144474476970642
1.079 0.0160634933007626
1.0755 0.0193925472443814
1.073 0.0226246384517783
1.0665 0.0258567296591752
1.0575 0.0290888208665722
1.052 0.0323209120739691
1.031 0.0387850944887629
1.022 0.0452492769035567
1.026 0.0517134593183505
