0.2215 0.000210085928480799
0.2345 0.000242406840554768
0.248 0.000284424026250928
0.256 0.000329673303154484
0.258 0.000374922580058041
0.2735 0.000416939765754201
0.2715 0.000416939765754201
0.2815 0.000475117407487345
0.2985 0.000581776417331443
0.298 0.000581776417331443
0.306 0.000646418241479381
0.3175 0.000775701889775257
0.3285 0.000904985538071134
0.3365 0.00106659009844098
0.354 0.00126051557088479
0.3625 0.00148676195540258
0.3755 0.00174532925199433
0.373 0.0017776501640683
0.392 0.00210085928480799
0.387 0.00210085928480799
0.4005 0.00248871022969562
0.403 0.00290888208665722
0.4085 0.00290888208665722
0.4225 0.0035553003281366
0.45 0.00442796495413376
0.4655 0.00559151778879665
0.491 0.00743380977701288
0.5225 0.00959931088596881
0.555 0.0121526629398124
0.599 0.0144474476970642
0.612 0.0160634933007626
0.627 0.0193925472443814
0.659 0.0226246384517783
0.679 0.0258567296591752
0.698 0.0290888208665722
0.6985 0.0323209120739691
0.6995 0.0387850944887629
0.7035 0.0452492769035567
0.6925 0.0517134593183505
