19.1346359399718 0.00139208682250913
24.4089101714481 0.0016139855816231
31.1482605783346 0.00178853978962309
35.2504738694828 0.00198312882084362
41.4037938062052 0.00203896418156791
45.2129918622714 0.00224638974756233
50.4872660937478 0.0023659670302847
56.0545555603061 0.00247623760822074
59.8637536163724 0.00271727867915299
65.7240583180128 0.00283536279999487
70.119286844243 0.00299671506590364
75.3935610757194 0.00306526293691126
80.9608505422777 0.00299671506590364
86.8211552439181 0.00296951296035909
91.5093990052304 0.00278257090728317
95.6116122963787 0.00262717181692171
99.4208103524449 0.00232976828118024
106.160160759331 0.00221112118213714
110.555389285562 0.001830913625127
119.05283110294 0.00170528041250209
122.862029159006 0.00147696338600118
128.136303390483 0.0013097217549511
132.824547151795 0.00104524365162275
199.925035985577 -0.000732333288142443
207.250416862628 -0.000918026413302365
211.352630153776 -0.00113304646248819
217.79896532558 -0.00113304646248819
222.487209086893 -0.00128895064161551
229.226559493779 -0.00127113185708353
232.156711844599 -0.00148353585781938
236.844955605912 -0.00151244996626363
242.119229837388 -0.00163089695107841
246.8074735987 -0.00183823055168189
251.788732595095 -0.00166120633504155
256.183961121325 -0.00181693908141398
262.923311528211 -0.00173301344524804
267.611555289524 -0.00185964604644037
271.42075334559 -0.00160086662221904
276.988042812148 -0.00148353585781938
282.848347513789 -0.00136146602464911
288.122621745265 -0.00135229308034066
292.224835036413 -0.0012800257462882
297.49910926789 -0.00108331084360932
299.550215913464 -0.000902998179808188
306.582581555432 -0.000712255924651236
312.149871021991 -0.000603755239050241
