0 0
0.00291955719445706 3.54608875415838e-06
0.00541368352158091 7.26948194602469e-06
0.00712811144211801 1.11790447974843e-05
0.00811211115323917 1.52840857915169e-05
0.00877403776830153 1.95943788352511e-05
0.0091306470979452 2.41201865311721e-05
0.00938233020743238 2.88722846118891e-05
0.00948334375617084 3.38619875966419e-05
0.00956162591983561 3.91011757306324e-05
0.00955390769053772 4.46023232713224e-05
0.00955740063518969 5.03785281890469e-05
0.00950437921036207 5.64435433526576e-05
0.00947653681821429 6.28118092744489e-05
0.00940641613331397 6.94984884923297e-05
0.00936671627417576 7.65195016711046e-05
0.00929200773985227 8.38915655088182e-05
0.00924904888332482 9.16322325384175e-05
0.00917504166365186 9.97599329194968e-05
0.00913236932503295 0.00010829401831963
0.00906099581104073 0.00011725480798977
0.00901980726071336 0.000126663637143417
0.00895146283284691 0.000136542907754746
0.0089118905788532 0.000146916141896642
0.00884630013591259 0.000157808037745632
0.00880802294022074 0.000169244528387072
0.0087446503931696 0.000181252843560584
0.00870717950602963 0.000193861574492772
0.00864541544608708 0.000207100741971569
0.00860822309729519 0.000221001867824306
0.00854746499292117 0.000235598049969679
0.00851003687007958 0.000250924041222322
0.00844971803886145 0.000267016332037596
0.00841156998960927 0.000283913237393634
0.00835116503091668 0.000301654988017474
0.00831184372022614 0.000320283826172507
0.00825086390799242 0.00033984410623529
0.00820994096454797 0.000360382400301213
0.00814792603806442 0.000381947609070432
0.00810499016115038 0.000404591078278112
0.00804149945731173 0.000428366720946176
0.00799614846771282 0.000453331145747644
0.00793075263653831 0.000479543791789184
0.00788258625908317 0.000507067070132802
0.00781486000043895 0.0005359665123936
0.00776347361162652 0.000566310926767439
0.00769298950954616 0.000598172561859969
0.00763796884166197 0.000631627278707126
0.00756429222770905 0.000666754731396641
0.00750520893386867 0.000703638556720631
0.00742789368385071 0.000742366573310821
0.00736430168627708 0.000783030990730521
0.00728288691548182 0.000825728629021205
0.00721431958264475 0.000870561149226424
0.00712832731226545 0.000917635295441903
0.00705429563457949 0.000967063148968157
0.00696322961450517 0.00101896239517072
0.00688322159222679 0.00107345660368342
0.00678656764460546 0.00113067552262175
0.00670004924826139 0.00119075538750699
0.00659727769721693 0.0012538392456365
0.00650369602203076 0.00132007729667248
0.00639426693169179 0.00138962725026027
0.00629305653095855 0.00146265470152744
0.00617642895271655 0.00153933352535797
0.00606702300741137 0.00161984629038003
0.00594267026007181 0.00170438469365319
0.00582451893863235 0.00179315001709
0.00569195286641996 0.00188635360669866
0.00556455237472677 0.00198421737578775
0.00542336077960092 0.0020869743333313
0.00528629807241356 0.00219486913875202
0.00513620103922179 0.00230815868444378
0.00498922074080083 0.00242711270742013
0.00483015287284818 0.0025520144315453
0.00467325513201012 0.00268316124187672
0.00450548259185454 0.00282086539272471
0.00433906171454175 0.00296545475111511
0.0041633474150631 0.00311727357742502
0.00398838362765237 0.00327668334505043
0.00380620707848832 0.00344406360105711
0.00362452000860284 0.00361981286986413
0.0034383534726568 0.00380434960211149
0.00325290786305766 0.00399811317097122
0.00306652605230275 0.00420156491827394
0.00288174250963127 0.0044151892529418
0.00270047970063476 0.00463949480434305
0.00252242359039383 0.00487501563331436
0.00235318031975088 0.00512231250373423
0.00218936177518669 0.0053819742176751
0.00204003676113935 0.00565461901731302
0.0018984680116924 0.00594089605693283
0.00177653167144234 0.00624148694853363
0.00166391886583616 0.00655710738471447
0.00157430523316673 0.00688850884270435
0.00149392047218838 0.00723648037359373
0.00143728287149314 0.00760185048102757
0.00138788634724026 0.00798548909383311
0.00136057945825049 0.00838830963727892
0.00133736418887238 0.00881127120789703
0.00133336322977274 0.00925538085704604
0.00133020581726276 0.0097216959886525
0.00134325563532772 0.0102113268768393
0.00135441276564136 0.0107254393094354
0.00137914925186185 0.0112652573636613
0.00139984028180397 0.0118320663205986
0.00143189471904182 0.0124272157253826
0.00145818503133348 0.0130521226004059
0.00149390968662755 0.0137082748191804
0.00152241596229174 0.0143972346488936
0.00155857137686253 0.0151206424700924
0.00158619752835269 0.0158802206823512
0.00161972380368474 0.0166777778052229
0.00164349290439119 0.0175152127842382
0.00167138909825824 0.0183945195122043
0.00168837806252237 0.0193177915765687
0.00170768508991875 0.0202872272441513
0.00171505857398023 0.021305134695113
0.00172294424657639 0.0223739375186228
0.00171809430762702 0.0234961804833081
0.0017120556554978 0.0246745355962276
0.00169287455821029 0.0259118084647932
0.00167109900558992 0.027210944976787
0.00163644467992249 0.0285750383143805
0.00159841017274509 0.0300073363188537
0.00154885526892113 0.0315112492235505
0.00149627315527221 0.0330903577734822
0.00143523877758802 0.0347484217509105
0.00137342494693253 0.0364893889272102
0.00130871166671848 0.0383174044623248
0.00124825835704411 0.0402368207741952
0.00119354378358064 0.0422522079016592
0.00115137038486249 0.0443683643854963
0.00112596058452215 0.0465903286935253
0.00112561393400485 0.0468653225072551
