0 0
0.00369851319736862 3.54608875415838e-06
0.00670252094761098 7.26948194602469e-06
0.00856684921858415 1.11790447974843e-05
0.00962865004260234 1.52840857915169e-05
0.0103009545617576 1.95943788352511e-05
0.0106732735501774 2.41201865311721e-05
0.010914955023201 2.88722846118891e-05
0.0110219510604859 3.38619875966419e-05
0.0110912691937776 3.91011757306324e-05
0.0110911987184784 4.46023232713224e-05
0.011090450364129 5.03785281890469e-05
0.01104839123374 5.64435433526576e-05
0.0110206122873459 6.28118092744489e-05
0.0109642299943337 6.94984884923297e-05
0.0109278612148144 7.65195016711046e-05
0.0108688932819309 8.38915655088182e-05
0.0108316902887691 9.16322325384175e-05
0.0107748597916981 9.97599329194968e-05
0.0107398326311357 0.00010829401831963
0.010686750639109 0.00011725480798977
0.0106548099468406 0.000126663637143417
0.0106057356488924 0.000136542907754746
0.0105768948469986 0.000146916141896642
0.0105315363854119 0.000157808037745632
0.0105054577315262 0.000169244528387072
0.0104633322751448 0.000181252843560584
0.0104395694497487 0.000193861574492772
0.0104001587867468 0.000207100741971569
0.0103782587093569 0.000221001867824306
0.0103410704147391 0.000235598049969679
0.0103206105073409 0.000250924041222322
0.0102851964338018 0.000267016332037596
0.0102657931930899 0.000283913237393634
0.0102317495885166 0.000301654988017474
0.010213055232476 0.000320283826172507
0.010180015748098 0.00033984410623529
0.0101617106174029 0.000360382400301213
0.0101293372663118 0.000381947609070432
0.0101111213485204 0.000404591078278112
0.0100790955422999 0.000428366720946176
0.0100606804634935 0.000453331145747644
0.0100286948944212 0.000479543791789184
0.0100097967980558 0.000507067070132802
0.00997754832683538 0.0005359665123936
0.00995788165844174 0.000566310926767439
0.0099250651165687 0.000598172561859969
0.00990433717756265 0.000631627278707126
0.00987063990764291 0.000666754731396641
0.00984854599782356 0.000703638556720631
0.0098136429424234 0.000742366573310821
0.00978986191476379 0.000783030990730521
0.00975341108116884 0.000825728629021205
0.00972760115446317 0.000870561149226424
0.00968923930922427 0.000917635295441903
0.00966103401081395 0.000967063148968157
0.00962037248567703 0.00101896239517072
0.00958937662250312 0.00107345660368342
0.00954599713932074 0.00113067552262175
0.00951178271967255 0.00119075538750699
0.00946523316663179 0.0012538392456365
0.00942733521939277 0.00132007729667248
0.00937712533788519 0.00138962725026027
0.00933503760384826 0.00146265470152744
0.00928063457365118 0.00153933352535797
0.00923380506702044 0.00161984629038003
0.00917462899748178 0.00170438469365319
0.00912245545716129 0.00179315001709
0.00905787483723684 0.00188635360669866
0.00899970017977775 0.00198421737578775
0.00892902747506495 0.0020869743333313
0.00886413549449562 0.00219486913875202
0.00878662303648274 0.00230815868444378
0.00871423444382391 0.00242711270742013
0.00862907069222545 0.0025520144315453
0.008548339933445 0.00268316124187672
0.00845464724620514 0.00282086539272471
0.00836466082735213 0.00296545475111511
0.00826149614450493 0.00311727357742502
0.00816127326249606 0.00327668334505043
0.00804762951300679 0.00344406360105711
0.00793612782042058 0.00361981286986413
0.00781094273416897 0.00380434960211149
0.00768706847679913 0.00399811317097122
0.00754924047610973 0.00420156491827394
0.00741186992783287 0.0044151892529418
0.00726028586546619 0.00463949480434305
0.0071083004005345 0.00487501563331436
0.00694188147927336 0.00512231250373423
0.00677422486215678 0.0053819742176751
0.0065919991496511 0.00565461901731302
0.00640776694475763 0.00594089605693283
0.00620898082011848 0.00624148694853363
0.00600755640127531 0.00655710738471447
0.00579184170866926 0.00688850884270435
0.00557309809843532 0.00723648037359373
0.00534071638451373 0.00760185048102757
0.00510530711138714 0.00798548909383311
0.00485749596136479 0.00838830963727892
0.00460725922523982 0.00881127120789703
0.00434669439733091 0.00925538085704604
0.00408517798275488 0.0097216959886525
0.00381654633792194 0.0102113268768393
0.00354960903522716 0.0107254393094354
0.00328020902561525 0.0112652573636613
0.0030165713798466 0.0118320663205986
0.00275671024961496 0.0124272157253826
0.00250809355263607 0.0130521226004059
0.00227077846606642 0.0137082748191804
0.0020509689486297 0.0143972346488936
0.00185009361106585 0.0151206424700924
0.00167213337685369 0.0158802206823512
0.00151862568551414 0.0166777778052229
0.00139023121725779 0.0175152127842382
0.00128737331216708 0.0183945195122043
0.00120711982078209 0.0193177915765687
0.00114865720932922 0.0202872272441513
0.00110668772050089 0.021305134695113
0.00108014714215862 0.0223739375186228
0.00106312887849872 0.0234961804833081
0.00105517888615332 0.0246745355962276
0.00105087390829608 0.0259118084647932
0.00105055718013784 0.027210944976787
0.00104972750754709 0.0285750383143805
0.00104938203165052 0.0300073363188537
0.00104612669623772 0.0315112492235505
0.00104144097588352 0.0330903577734822
0.00103317041410222 0.0347484217509105
0.00102317245720023 0.0364893889272102
0.00101062799151973 0.0383174044623248
0.000997715692690128 0.0402368207741952
0.000984898854062982 0.0422522079016592
0.000974542190356376 0.0443683643854963
0.00096793373153915 0.0465903286935253
0.000967843819675264 0.0468653225072551
