0 0
0.000763913153600931 3.54608875415838e-06
0.00154871288264394 7.26948194602469e-06
0.00228017710844285 1.11790447974843e-05
0.00288244247194674 1.52840857915169e-05
0.00334076609183402 1.95943788352511e-05
0.00367658826072242 2.41201865311721e-05
0.00391800569958176 2.88722846118891e-05
0.00408845204439614 3.38619875966419e-05
0.00420637020841442 3.91011757306324e-05
0.00428539519875904 4.46023232713224e-05
0.00433618929720101 5.03785281890469e-05
0.00436649737141082 5.64435433526576e-05
0.00438249210273475 6.28118092744489e-05
0.00438847575860028 6.94984884923297e-05
0.00438797745842844 7.65195016711046e-05
0.00438326941058198 8.38915655088182e-05
0.00437633849726974 9.16322325384175e-05
0.00436828465185686 9.97599329194968e-05
0.00436021919405055 0.00010829401831963
0.00435258205303679 0.00011725480798977
0.00434600112052359 0.000126663637143417
0.00434055572992248 0.000136542907754746
0.00433661713314572 0.000146916141896642
0.00433407595572282 0.000157808037745632
0.00433317499045011 0.000169244528387072
0.00433371227752361 0.000181252843560584
0.00433587225611707 0.000193861574492772
0.00433941221684905 0.000207100741971569
0.00434449484700261 0.000221001867824306
0.00435086326730883 0.000235598049969679
0.00435867621964029 0.000250924041222322
0.0043676752686403 0.000267016332037596
0.00437802296848244 0.000283913237393634
0.00438946469390969 0.000301654988017474
0.00440216924737141 0.000320283826172507
0.00441588757304099 0.00033984410623529
0.00443079466061487 0.000360382400301213
0.00444664677972329 0.000381947609070432
0.00446362404457456 0.000404591078278112
0.00448148716593292 0.000428366720946176
0.00450041989994716 0.000453331145747644
0.00452018630138001 0.000479543791789184
0.00454097219518725 0.000507067070132802
0.00456254393832268 0.0005359665123936
0.00458508785242467 0.000566310926767439
0.00460837165469247 0.000598172561859969
0.00463258069372191 0.000631627278707126
0.0046574832052389 0.000666754731396641
0.0046832622252605 0.000703638556720631
0.00470968576850277 0.000742366573310821
0.00473693330441515 0.000783030990730521
0.00476477197173969 0.000825728629021205
0.00479337646659774 0.000870561149226424
0.00482251245559589 0.000917635295441903
0.00485234867073798 0.000967063148968157
0.00488264874320974 0.00101896239517072
0.00491357423704792 0.00107345660368342
0.0049448861932691 0.00113067552262175
0.00497673776452671 0.00119075538750699
0.0050088868332313 0.0012538392456365
0.00504147683314294 0.00132007729667248
0.0050742618857663 0.00138962725026027
0.00510737431058226 0.00146265470152744
0.00514056381391378 0.00153933352535797
0.00517395009390072 0.00161984629038003
0.00520727771838411 0.00170438469365319
0.0052406521177845 0.00179315001709
0.00527381192335507 0.00188635360669866
0.00530684648065996 0.00198421737578775
0.00533948760779039 0.0020869743333313
0.0053718065339807 0.00219486913875202
0.00540352733806884 0.00230815868444378
0.00543470098250795 0.00242711270742013
0.005465042727872 0.0025520144315453
0.0054945809580504 0.00268316124187672
0.0055230208397441 0.00282086539272471
0.00555036538232736 0.00296545475111511
0.00557630798333814 0.00311727357742502
0.00560082340513459 0.00327668334505043
0.00562359143283184 0.00344406360105711
0.00564455561625072 0.00361981286986413
0.00566338181895166 0.00380434960211149
0.00567997894221518 0.00399811317097122
0.00569399775842387 0.00420156491827394
0.00570530833441446 0.0044151892529418
0.00571354413214863 0.00463949480434305
0.00571853216763301 0.00487501563331436
0.0057198883634687 0.00512231250373423
0.00571739263675589 0.0053819742176751
0.0057106428294515 0.00565461901731302
0.00569936905959504 0.00594089605693283
0.00568315153351728 0.00624148694853363
0.00566166917261154 0.00655710738471447
0.00563448606505143 0.00688850884270435
0.00560122677711169 0.00723648037359373
0.00556143848747876 0.00760185048102757
0.00551472058152539 0.00798548909383311
0.00546058103206819 0.00838830963727892
0.00539860515480187 0.00881127120789703
0.00532831732700723 0.00925538085704604
0.00524921628520961 0.0097216959886525
0.00516091263279876 0.0102113268768393
0.00506289830145654 0.0107254393094354
0.00495482000237288 0.0112652573636613
0.00483621705302984 0.0118320663205986
0.00470685424181511 0.0124272157253826
0.00456635217954219 0.0130521226004059
0.00441467450630696 0.0137082748191804
0.0042516132554347 0.0143972346488936
0.00407743458865481 0.0151206424700924
0.00389222653114797 0.0158802206823512
0.00369670219408897 0.0166777778052229
0.00349140948806476 0.0175152127842382
0.00327768896413646 0.0183945195122043
0.00305674378525871 0.0193177915765687
0.00283073239590419 0.0202872272441513
0.002601698379096 0.021305134695113
0.00237274451176479 0.0223739375186228
0.00214682207946409 0.0234961804833081
0.00192788466058993 0.0246745355962276
0.00171953913915945 0.0259118084647932
0.00152603416578776 0.027210944976787
0.00135081522002721 0.0285750383143805
0.00119722398481404 0.0300073363188537
0.00106716263553355 0.0315112492235505
0.000961548174960193 0.0330903577734822
0.00087956962429228 0.0347484217509105
0.000819100809151283 0.0364893889272102
0.000777005591731197 0.0383174044623248
0.000749362987554697 0.0402368207741952
0.000732711961918202 0.0422522079016592
0.000723427556730926 0.0443683643854963
0.000719615874740089 0.0465903286935253
0.000719564381283187 0.0468653225072551
