0 0
9.28234719161759e-05 3.54608875415838e-06
0.000204403809038445 7.26948194602469e-06
0.000307239705970117 1.11790447974843e-05
0.000430034879598046 1.52840857915169e-05
0.000540429674746439 1.95943788352511e-05
0.000666442084191635 2.41201865311721e-05
0.000770939078196454 2.88722846118891e-05
0.000882471865398742 3.38619875966419e-05
0.000963751876399845 3.91011757306324e-05
0.00104744470684855 4.46023232713224e-05
0.00109858579309725 5.03785281890469e-05
0.00115331669043635 5.64435433526576e-05
0.00117728177631167 6.28118092744489e-05
0.00120827919953078 6.94984884923297e-05
0.0012109598314671 7.65195016711046e-05
0.00122430533999223 8.38915655088182e-05
0.00121116445216123 9.16322325384175e-05
0.00121203076781486 9.97599329194968e-05
0.00118741940811315 0.00010829401831963
0.00117988702206066 0.00011725480798977
0.00114715768006471 0.000126663637143417
0.00113440630232166 0.000136542907754746
0.0010961682531298 0.000146916141896642
0.00108070607914225 0.000157808037745632
0.00103906711838781 0.000169244528387072
0.00102293068565598 0.000181252843560584
0.000979703285524197 0.000193861574492772
0.000964608254197859 0.000207100741971569
0.00092146541752265 0.000221001867824306
0.000908893816654662 0.000235598049969679
0.000867452045359713 0.000250924041222322
0.000858662234048053 0.000267016332037596
0.000820468472655308 0.000283913237393634
0.000816431175934041 0.000301654988017474
0.000782850766192968 0.000320283826172507
0.000784148844760004 0.00033984410623529
0.000756199462087736 0.000360382400301213
0.00076296404573897 0.000381947609070432
0.000741187321473854 0.000404591078278112
0.000753130602100326 0.000428366720946176
0.000737579006992726 0.000453331145747644
0.000754127693228787 0.000479543791789184
0.000744466458120589 0.000507067070132802
0.000764939248076398 0.0005359665123936
0.00076061394390226 0.000566310926767439
0.000784368384058246 0.000598172561859969
0.000784761782439483 0.000631627278707126
0.000811274815719066 0.000666754731396641
0.000815811774028336 0.000703638556720631
0.000844701255619556 0.000742366573310821
0.000852897234912466 0.000783030990730521
0.000883905447619204 0.000825728629021205
0.000895377952379096 0.000870561149226424
0.00092834842417838 0.000917635295441903
0.000942810146869093 0.000967063148968157
0.000977663587718299 0.00101896239517072
0.000994908214556241 0.00107345660368342
0.0010316216888919 0.00113067552262175
0.00105150816866292 0.00119075538750699
0.00109009832030351 0.0012538392456365
0.00111253606368308 0.00132007729667248
0.00115304579995065 0.00138962725026027
0.00117798149750281 0.00146265470152744
0.00122046915419293 0.00153933352535797
0.00124787509211857 0.00161984629038003
0.00129240513934344 0.00170438469365319
0.00132226859676715 0.00179315001709
0.00136890311688402 0.00188635360669866
0.00140121637543877 0.00198421737578775
0.00145000673165502 0.0020869743333313
0.00148475727869715 0.00219486913875202
0.00153573556120844 0.00230815868444378
0.00157289615883819 0.00242711270742013
0.00162606614075749 0.0025520144315453
0.00166558453753353 0.00268316124187672
0.0017209120006123 0.00282086539272471
0.00176270017092392 0.00296545475111511
0.00182010257622227 0.00311727357742502
0.0018640254783479 0.00327668334505043
0.00192336106082791 0.00344406360105711
0.00196922500282836 0.00361981286986413
0.00203028145703531 0.00380434960211149
0.00207782224036666 0.00399811317097122
0.00214030522681848 0.00420156491827394
0.00218917628757444 0.0044151892529418
0.00225269801215672 0.00463949480434305
0.00230245878446053 0.00487501563331436
0.00236652687259952 0.00512231250373423
0.00241663154724018 0.0053819742176751
0.00248063834515522 0.00565461901731302
0.00253042509021337 0.00594089605693283
0.00259363738749219 0.00624148694853363
0.00264231795744214 0.00655710738471447
0.00270386697260258 0.00688850884270435
0.00275051650519152 0.00723648037359373
0.00280938787043304 0.00760185048102757
0.00285293463042527 0.00798548909383311
0.00290795813996437 0.00838830963727892
0.00294717311009947 0.00881127120789703
0.00299701225953483 0.00925538085704604
0.00303049890402577 0.0097216959886525
0.00307364084726393 0.0102113268768393
0.00309982617798075 0.0107254393094354
0.003134573753632 0.0112652573636613
0.00315170309958199 0.0118320663205986
0.00317617211521229 0.0124272157253826
0.00318231182593047 0.0130521226004059
0.00319443894942959 0.0137082748191804
0.00318749380522369 0.0143972346488936
0.00318506340848518 0.0151206424700924
0.00316281979385534 0.0158802206823512
0.00314352293348963 0.0166777778052229
0.00310373582581241 0.0175152127842382
0.00306528499506542 0.0183945195122043
0.00300583288026191 0.0193177915765687
0.00294615805939305 0.0202872272441513
0.00286529496083133 0.021305134695113
0.00278285527999733 0.0223739375186228
0.0026796001307496 0.0234961804833081
0.002573856599879 0.0246745355962276
0.0024485682812682 0.0259118084647932
0.00232066817029395 0.027210944976787
0.00217585343594435 0.0285750383143805
0.00202956848488114 0.0300073363188537
0.0018709482148936 0.0315112492235505
0.00171387375950744 0.0330903577734822
0.00155167602330801 0.0347484217509105
0.00139662526589429 0.0364893889272102
0.00124697035128486 0.0383174044623248
0.00111337049992794 0.0402368207741952
0.000999382946209256 0.0422522079016592
0.000914032433996152 0.0443683643854963
0.00086522101389278 0.0465903286935253
0.000864550150304507 0.0468653225072551
