0 0
0 4.81516043702361e-06
8.57877997623416e-12 9.87107889589841e-06
0 1.51797932777169e-05
1.76991308546746e-09 2.07539433786264e-05
2.6713482644008e-09 2.66068009845813e-05
1.62084037809508e-08 3.2752301470834e-05
2.48119771321085e-08 3.92050769813993e-05
7.68840227258438e-08 4.59804912674929e-05
1.16850893872306e-07 5.30946762678912e-05
2.91592614497279e-07 6.05645705183094e-05
4.52958557106191e-07 6.84079594812485e-05
1.04766259713206e-06 7.66435178923345e-05
1.66173618660643e-06 8.52908542239748e-05
3.58537114395131e-06 9.43705573721972e-05
5.56553800793831e-06 0.000103904245677831
1.067552781219e-05 0.000113914618398746
1.52349915716872e-05 0.000124425509755707
2.46517252029128e-05 0.000135461945680516
3.07260902967717e-05 0.000147050203401565
4.13522349120169e-05 0.000159217874008667
4.51005231341294e-05 0.000171993928146124
5.26407581304484e-05 0.000185408784990454
5.25484315362764e-05 0.000199494384677
5.61095923769935e-05 0.000214284264347874
5.33124530734068e-05 0.000229813638002291
5.38457670254877e-05 0.000246119480339429
4.96363372166577e-05 0.000263240614793424
4.8128524860632e-05 0.000281217805970119
4.32627488261116e-05 0.000300093856705649
4.0366558843875e-05 0.000319913709977955
3.51907845966937e-05 0.000340724555913876
3.13196504572648e-05 0.000362575944146594
2.59753064811152e-05 0.000385519901790947
2.1407490116845e-05 0.000409611057317518
1.59376810372542e-05 0.000434906770620417
1.08480863017223e-05 0.000461467269588462
5.24140807805588e-06 0.000489355793504909
-2.75432634805976e-07 0.000518638743617178
-6.0547909964223e-06 0.00054938584123506
-1.19557259613157e-05 0.000581670293733837
-1.79497920715353e-05 0.000615568968857552
-2.42203285962006e-05 0.000651162577737454
-3.04692298861485e-05 0.00068853586706135
-3.71095978451365e-05 0.000727777820851441
-4.36488214534e-05 0.000768981872331037
-5.06661453857699e-05 0.000812246126384612
-5.75259522442162e-05 0.000857673593140866
-6.49298702842548e-05 0.000905372433234933
-7.21353499085585e-05 0.000955456215333704
-7.99354314676277e-05 0.00100804418653741
-8.75066109259094e-05 0.00106326155630131
-9.57106832108846e-05 0.0011212397945534
-0.000103662501138767 0.00118211694471809
-0.000112275424793625 0.00124603795239102
-0.000120617531730399 0.00131315501044759
-0.000129640190551914 0.001383627921407
-0.000138376587086277 0.00145762447791437
-0.000147804971429444 0.00153532086224711
-0.000156933508182613 0.00161690206579649
-0.000166757829909309 0.00170256232952334
-0.000176269592558345 0.00179250560643653
-0.000186473398502423 0.00188694604719538
-0.000196351995667549 0.00198610850999217
-0.00020691126013633 0.0020902290959288
-0.000217132024938068 0.00219955571116227
-0.000228014206513431 0.0023143486571574
-0.000238543314803415 0.0024348812504523
-0.000249706362206102 0.00256144047341194
-0.000260499862206776 0.00269432765751956
-0.000271891150380554 0.00283385920083256
-0.000282893890114666 0.00298036732131121
-0.000294449062578269 0.0031342008478138
-0.000305593493713684 0.00329572605064151
-0.000317235182152211 0.00346532751361061
-0.000328440012809778 0.00364340904972816
-0.000340076401511092 0.00383039466265159
-0.000351245067668461 0.0040267295562212
-0.000362768270677121 0.00423288119446928
-0.000373787197922637 0.00444934041462977
-0.00038507142289103 0.00467662259579828
-0.000395808059679058 0.00491526888602522
-0.00040670754689716 0.0051658474907635
-0.000417008169757933 0.0054289550257387
-0.000427354920800001 0.00570521793746266
-0.000437042244303028 0.00599529399477282
-0.000446643596032803 0.00629987385494849
-0.000455514269650824 0.00661968270813293
-0.000464150431109465 0.0069554820039766
-0.000471972576896791 0.00730807126461246
-0.000479394335257151 0.0076782899882801
-0.000485905382450149 0.00806701964813113
-0.000491832306126122 0.00847518579097471
-0.000496737522674256 0.00890376024096047
-0.000500857149522231 0.00935376341344552
-0.00050382946492203 0.00982626674455482
-0.000505803059033803 0.0103223952422196
-0.000506489574961316 0.0108433301647676
-0.000505956105277631 0.011390311833443
-0.000503979425411781 0.0119646425855522
-0.000500557084472207 0.0125676898752668
-0.000495533099342729 0.0132008895294672
-0.000488843968776033 0.0138657491663775
-0.000480404896046868 0.0145638517851334
-0.000470103428504198 0.0152968595348271
-0.000457933148300735 0.0160665176720055
-0.000443748864743073 0.0168746587160428
-0.000427635041602299 0.017723206812282
-0.000409434322125483 0.0186141823133331
-0.000389342295547072 0.0195497065894368
-0.000367213714614089 0.0205320070793457
-0.00034338549594878 0.02156342259375
-0.000317750011134442 0.0226464088838745
-0.000290826038241254 0.0237835444885052
-0.000262564057532062 0.0249775368733675
-0.000233709980925862 0.0262312288774729
-0.00020427418216773 0.0275476054817836
-0.000175260325070469 0.0289298009163098
-0.000146696033177925 0.0303811061225623
-0.000119817623508162 0.0319049765891275
-9.45465998925663e-05 0.0335050405790209
-7.22205991825719e-05 0.0351851077684089
-5.24275174653965e-05 0.0369491783172664
-3.63727565872736e-05 0.0388014523935667
-2.30296777242893e-05 0.0407463401736821
-1.32794273772973e-05 0.0427884723428032
-5.68872115439319e-06 0.0449327111203804
3.48372145455395e-17 0.0468653225072551
