0 0
0.000767976520913462 3.54608875415838e-06
0.00187138000709341 7.26948194602469e-06
0.00229107842914377 1.11790447974843e-05
0.00243419121680713 1.52840857915169e-05
0.00252747412153095 1.95943788352511e-05
0.00258037786340827 2.41201865311721e-05
0.0026299010604146 2.88722846118891e-05
0.00266248116963119 3.38619875966419e-05
0.0026973239746643 3.91011757306324e-05
0.00272131791006519 4.46023232713224e-05
0.00274847699326566 5.03785281890469e-05
0.00276733914015836 5.64435433526576e-05
0.00278967832358717 6.28118092744489e-05
0.00280480029561575 6.94984884923297e-05
0.00282347756932452 7.65195016711046e-05
0.00283565493659816 8.38915655088182e-05
0.00285138992315164 9.16322325384175e-05
0.00286117433650244 9.97599329194968e-05
0.00287448485822306 0.00010829401831963
0.0028822973118497 0.00011725480798977
0.00289358338137868 0.000126663637143417
0.00289975679276654 0.000136542907754746
0.00290933560862132 0.000146916141896642
0.00291413503262262 0.000157808037745632
0.00292225935573003 0.000169244528387072
0.00292589475221243 0.000181252843560584
0.00293276512487761 0.000193861574492772
0.00293540113979552 0.000207100741971569
0.00294117525410343 0.000221001867824306
0.00294293924018976 0.000235598049969679
0.00294773948878081 0.000250924041222322
0.00294872810340601 0.000267016332037596
0.00295264768697699 0.000283913237393634
0.00295293222390842 0.000301654988017474
0.00295604002851413 0.000320283826172507
0.00295567063294239 0.00033984410623529
0.00295801505765375 0.000360382400301213
0.00295702398496117 0.000381947609070432
0.00295863588828465 0.000404591078278112
0.00295703996434561 0.000428366720946176
0.00295793488152215 0.000453331145747644
0.00295573730670489 0.000479543791789184
0.00295591706885076 0.000507067070132802
0.00295310868628178 0.0005359665123936
0.00295256254953916 0.000566310926767439
0.00294912267556689 0.000598172561859969
0.00294782804701784 0.000631627278707126
0.00294372494119128 0.000666754731396641
0.00294164776955687 0.000703638556720631
0.00293683880387162 0.000742366573310821
0.00293393368749472 0.000783030990730521
0.00292836526031977 0.000825728629021205
0.00292457531234335 0.000870561149226424
0.00291818254115856 0.000917635295441903
0.00291343904233011 0.000967063148968157
0.0029061452614729 0.00101896239517072
0.00290036712487098 0.00107345660368342
0.00289208320991492 0.00113067552262175
0.00288517627899405 0.00119075538750699
0.00287579981569731 0.0012538392456365
0.00286765600977166 0.00132007729667248
0.00285707031360313 0.00138962725026027
0.00284756662107174 0.00146265470152744
0.00283563961380032 0.00153933352535797
0.00282463697072824 0.00161984629038003
0.00281121999000887 0.00170438469365319
0.00279856215415603 0.00179315001709
0.00278348874896804 0.00188635360669866
0.00276900105591073 0.00198421737578775
0.00275208546607401 0.0020869743333313
0.00273557316821762 0.00219486913875202
0.00271660886466168 0.00230815868444378
0.00269785609488434 0.00242711270742013
0.00267661542766509 0.0025520144315453
0.00265538454707989 0.00268316124187672
0.00263161715618847 0.00282086539272471
0.00260764786621073 0.00296545475111511
0.00258107738753461 0.00311727357742502
0.00255408581044725 0.00327668334505043
0.00252441598748 0.00344406360105711
0.00249409453137153 0.00361981286986413
0.00246100450561415 0.00380434960211149
0.00242702583994388 0.00399811317097122
0.00239017508041376 0.00420156491827394
0.00235219318645086 0.0044151892529418
0.00231122545007514 0.00463949480434305
0.00226888308528504 0.00487501563331436
0.00222343453089383 0.00512231250373423
0.00217637271711556 0.0053819742176751
0.00212608431343928 0.00565461901731302
0.00207395794513737 0.00594089605693283
0.00201849480688947 0.00624148694853363
0.00196099611732808 0.00655710738471447
0.0019000762045694 0.00688850884270435
0.00183696918690336 0.00723648037359373
0.0017704052378136 0.00760185048102757
0.00170157529912484 0.00798548909383311
0.00162933214480835 0.00838830963727892
0.00155485357496296 0.00881127120789703
0.00147713305108377 0.00925538085704604
0.00139736238005944 0.0097216959886525
0.00131470937823561 0.0102113268768393
0.00123040951466158 0.0107254393094354
0.00114384310296791 0.0112652573636613
0.00105630806177162 0.0118320663205986
0.000967446597601046 0.0124272157253826
0.000878611400965418 0.0130521226004059
0.000789751185937974 0.0137082748191804
0.000702214984806332 0.0143972346488936
0.000616259724365108 0.0151206424700924
0.000533094342321775 0.0158802206823512
0.000453203079694655 0.0166777778052229
0.000377490172667749 0.0175152127842382
0.000306536413952103 0.0183945195122043
0.000240866643938179 0.0193177915765687
0.000180950350850048 0.0202872272441513
0.000126931301802693 0.021305134695113
7.89607555416343e-05 0.0223739375186228
3.69162951837915e-05 0.0234961804833081
6.53988627370588e-07 0.0246745355962276
-2.9967280178056e-05 0.0259118084647932
-5.52350789695993e-05 0.027210944976787
-7.51772839978831e-05 0.0285750383143805
-9.01126850663656e-05 0.0300073363188537
-9.99534782083732e-05 0.0315112492235505
-0.000105018226483952 0.0330903577734822
-0.000105163413583546 0.0347484217509105
-0.000100721844890869 0.0364893889272102
-9.15817902626895e-05 0.0383174044623248
-7.81505523210321e-05 0.0402368207741952
-6.04648838207709e-05 0.0422522079016592
-3.91246526925173e-05 0.0443683643854963
-2.64095104059602e-05 0.0465903286935253
1.03073278857082e-15 0.0468653225072551
