0 0
3.71716789555898e-06 3.54608875415838e-06
1.60310983954471e-05 7.26948194602469e-06
3.77842172504212e-05 1.11790447974843e-05
7.53676126261241e-05 1.52840857915169e-05
0.000118156843895359 1.95943788352511e-05
0.000169154547488015 2.41201865311721e-05
0.000210656558235858 2.88722846118891e-05
0.000251670409187206 3.38619875966419e-05
0.000279533909494793 3.91011757306324e-05
0.000307271163037839 4.46023232713224e-05
0.000324935824127775 5.03785281890469e-05
0.000344315278601177 5.64435433526576e-05
0.000356434923304497 6.28118092744489e-05
0.000371288218717776 6.94984884923297e-05
0.000380576647480065 7.65195016711046e-05
0.000393036496397209 8.38915655088182e-05
0.000400891851545083 9.16322325384175e-05
0.000412069601327582 9.97599329194968e-05
0.000419197170078352 0.00010829401831963
0.000429659120335506 0.00011725480798977
0.000436416288671468 0.000126663637143417
0.000446451208026193 0.000136542907754746
0.000453027506666645 0.000146916141896642
0.000462790767476378 0.000157808037745632
0.000469298992236107 0.000169244528387072
0.000478887032508321 0.000181252843560584
0.000485407176804138 0.000193861574492772
0.000494892883319242 0.000207100741971569
0.000501491142062906 0.000221001867824306
0.000510938733321977 0.000235598049969679
0.000517674512481571 0.000250924041222322
0.000527144480013882 0.000267016332037596
0.000534072327268023 0.000283913237393634
0.000543622269201001 0.000301654988017474
0.000550792111230499 0.000320283826172507
0.000560476309125493 0.00033984410623529
0.000567933386315713 0.000360382400301213
0.000577802264012066 0.000381947609070432
0.000585587188507125 0.000404591078278112
0.000595686985502855 0.000428366720946176
0.000603835953099679 0.000453331145747644
0.000614208621179949 0.000479543791789184
0.000622753695206961 0.000507067070132802
0.000633436932306555 0.0005359665123936
0.000642406314451408 0.000566310926767439
0.000653433645042463 0.000598172561859969
0.000662851873685094 0.000631627278707126
0.000674252707281267 0.000666754731396641
0.000684140749252953 0.000703638556720631
0.000695940372330172 0.000742366573310821
0.000706315591892093 0.000783030990730521
0.00071853506617241 0.000825728629021205
0.000729411064827307 0.000870561149226424
0.000742067015987853 0.000917635295441903
0.000753453341280737 0.000967063148968157
0.000766557628322676 0.00101896239517072
0.000778459350788931 0.00107345660368342
0.000792018609003618 0.00113067552262175
0.000804435765531365 0.00119075538750699
0.000818450816668661 0.0012538392456365
0.000831377716770219 0.00132007729667248
0.000845842839365329 0.00138962725026027
0.0008592672286035 0.00146265470152744
0.000874169280148059 0.00153933352535797
0.000888071352659669 0.00161984629038003
0.000903388733616323 0.00170438469365319
0.000917739983376345 0.00179315001709
0.000933441431266421 0.00188635360669866
0.000948203329587069 0.00198421737578775
0.000964246529523397 0.0020869743333313
0.000979369014251567 0.00219486913875202
0.00099569901059122 0.00230815868444378
0.00101111877071614 0.00242711270742013
0.00102766616295272 0.0025520144315453
0.00104330470090538 0.00268316124187672
0.00105998360598286 0.00282086539272471
0.00107574505935899 0.00296545475111511
0.00109245082214843 0.00311727357742502
0.00110821952703405 0.00327668334505043
0.00112482616187374 0.00344406360105711
0.00114046394075324 0.00361981286986413
0.00115682129055061 0.00380434960211149
0.00117216445299724 0.00399811317097122
0.00118809505687369 0.00420156491827394
0.00120295111152735 0.0044151892529418
0.00121824677922594 0.00463949480434305
0.00123239085124065 0.00487501563331436
0.00124680894301442 0.00512231250373423
0.00125997991140213 0.0053819742176751
0.00127323936286367 0.00565461901731302
0.001285135805663 0.00594089605693283
0.00129691302329721 0.00624148694853363
0.0013071891504978 0.00655710738471447
0.00131711393259452 0.00688850884270435
0.00132537556424382 0.00723648037359373
0.00133302767084375 0.00760185048102757
0.00133882848159529 0.00798548909383311
0.00134373047336794 0.00838830963727892
0.00134657260967036 0.00881127120789703
0.00134821795747628 0.00925538085704604
0.00134754793700022 0.0097216959886525
0.00134535970058663 0.0102113268768393
0.00134057377331042 0.0107254393094354
0.00133392887891366 0.0112652573636613
0.00132438460947229 0.0118320663205986
0.00131262891559647 0.0124272157253826
0.00129766137149992 0.0130521226004059
0.00128013067789865 0.0137082748191804
0.00125907945013472 0.0143972346488936
0.00123513345372575 0.0151206424700924
0.00120738458210321 0.0158802206823512
0.0011764583477394 0.0166777778052229
0.00114150672859609 0.0175152127842382
0.00110318568815836 0.0183945195122043
0.00106072436806501 0.0193177915765687
0.00101484931127793 0.0202872272441513
0.000964891777361449 0.021305134695113
0.000911698634870785 0.0223739375186228
0.000854736653004334 0.0234961804833081
0.000795029266844811 0.0246745355962276
0.000732217869965522 0.0259118084647932
0.000667554590359424 0.027210944976787
0.00060088984752656 0.0285750383143805
0.000533727490704879 0.0300073363188537
0.000466130905192488 0.0315112492235505
0.00039980275215549 0.0330903577734822
0.000334941481562936 0.0347484217509105
0.000273250722903508 0.0364893889272102
0.000214816837429446 0.0383174044623248
0.000160931503621295 0.0402368207741952
0.000111060162907065 0.0422522079016592
6.54923820002407e-05 0.0443683643854963
4.08638698561492e-05 0.0465903286935253
1.03617779723022e-15 0.0468653225072551
