0 0
0.000422210912722489 3.54608875415838e-06
0.00118646170322218 7.26948194602469e-06
0.00164834600173154 1.11790447974843e-05
0.00182107508803918 1.52840857915169e-05
0.00193199140540364 1.95943788352511e-05
0.00198516224850799 2.41201865311721e-05
0.00203587462894304 2.88722846118891e-05
0.00206292482840571 3.38619875966419e-05
0.0020946879882049 3.91011757306324e-05
0.00211200413329626 4.46023232713224e-05
0.00213491752021609 5.03785281890469e-05
0.00214709619288957 5.64435433526576e-05
0.00216495018669395 6.28118092744489e-05
0.00217361437874591 6.94984884923297e-05
0.00218783899668852 7.65195016711046e-05
0.00219379159701842 8.38915655088182e-05
0.00220510750616789 9.16322325384175e-05
0.00220881975414122 9.97599329194968e-05
0.00221767331933507 0.00010829401831963
0.00221946673775064 0.00011725480798977
0.00222617076481225 0.000126663637143417
0.00222628408346645 0.000136542907754746
0.00223107336687725 0.000146916141896642
0.00222968948254997 0.000157808037745632
0.00223274475854337 0.000169244528387072
0.00223000332385944 0.000181252843560584
0.00223146316893602 0.000193861574492772
0.00222746794516879 0.000207100741971569
0.00222743594262901 0.000221001867824306
0.00222226009726199 0.000235598049969679
0.00222080996732844 0.000250924041222322
0.00221450034460519 0.000267016332037596
0.00221167999435614 0.000283913237393634
0.00220426066316224 0.000301654988017474
0.00220009549336044 0.000320283826172507
0.00219157067146903 0.00033984410623529
0.00218606627910071 0.000360382400301213
0.00217642269661285 0.000381947609070432
0.00216956706007984 0.000404591078278112
0.00215877583112941 0.000428366720946176
0.0021505410542012 0.000453331145747644
0.00213855913033681 0.000479543791789184
0.00212890281139494 0.000507067070132802
0.0021156740814979 0.0005359665123936
0.0021045403608002 0.000566310926767439
0.00208999645239989 0.000598172561859969
0.00207731678902028 0.000631627278707126
0.00206137763655983 0.000666754731396641
0.00204707140268442 0.000703638556720631
0.00202964569712562 0.000742366573310821
0.00201362073302998 0.000783030990730521
0.00199460640812476 0.000825728629021205
0.00197675960140343 0.000870561149226424
0.00195604443797982 0.000917635295441903
0.00193626231125279 0.000967063148968157
0.00191372463822913 0.00101896239517072
0.00189188420806529 0.00107345660368342
0.00186739374864206 0.00113067552262175
0.00184336384986467 0.00119075538750699
0.00181678312671788 0.0012538392456365
0.00179042593203008 0.00132007729667248
0.00176161254266082 0.00138962725026027
0.00173278593637518 0.00146265470152744
0.00170159581889939 0.00153933352535797
0.00167015724866159 0.00161984629038003
0.00163644948893928 0.00170438469365319
0.00160226147894915 0.00179315001709
0.00156590538314403 0.00188635360669866
0.00152884339108488 0.00198421737578775
0.00148972853548625 0.0020869743333313
0.00144969195125905 0.00219486913875202
0.00140774211498992 0.00230815868444378
0.00136466949222324 0.00242711270742013
0.00131986196693636 0.0025520144315453
0.00127375213310566 0.00268316124187672
0.00122614395853333 0.00282086539272471
0.00117708590037847 0.00296545475111511
0.0011268486118963 0.00311727357742502
0.00107505716132761 0.00327668334505043
0.00102251532069588 0.00344406360105711
0.000968369633219575 0.00361981286986413
0.000914036258962615 0.00380434960211149
0.000858112698243096 0.00399811317097122
0.000802709673575514 0.00420156491827394
0.000745798808986608 0.0044151892529418
0.000690241560591952 0.00463949480434305
0.000633321643790432 0.00487501563331436
0.000578623189920936 0.00512231250373423
0.000522751436091328 0.0053819742176751
0.000469840896012783 0.00565461901731302
0.000415993881590785 0.00594089605693283
0.000365568240536761 0.00624148694853363
0.000314580784785784 0.00655710738471447
0.000267129093437061 0.00688850884270435
0.00021959010079563 0.00723648037359373
0.000175318540190955 0.00760185048102757
0.000131478062415355 0.00798548909383311
9.03589229481969e-05 0.00838830963727892
5.00851643329115e-05 0.00881127120789703
1.18439238109982e-05 0.00925538085704604
-2.52234591221846e-05 0.0097216959886525
-6.08595802813523e-05 0.0102113268768393
-9.50602219575036e-05 0.0107254393094354
-0.000128261099338601 0.0112652573636613
-0.000159789529764836 0.0118320663205986
-0.000190567482782082 0.0124272157253826
-0.00021943288280723 0.0130521226004059
-0.00024762939392929 0.0137082748191804
-0.000273654939537006 0.0143972346488936
-0.000298947955410621 0.0151206424700924
-0.000321785685821913 0.0158802206823512
-0.000343703621371889 0.0166777778052229
-0.000362852441023951 0.0175152127842382
-0.000380788767750329 0.0183945195122043
-0.000395611255611272 0.0193177915765687
-0.000408838193429709 0.0202872272441513
-0.000418575897166434 0.021305134695113
-0.000426258102901986 0.0223739375186228
-0.000430047147314955 0.0234961804833081
-0.00043127492573962 0.0246745355962276
-0.000428167710206533 0.0259118084647932
-0.000421958007512258 0.027210944976787
-0.000410954251835361 0.0285750383143805
-0.000396293619951139 0.0300073363188537
-0.000376392591617122 0.0315112492235505
-0.000352301612569593 0.0330903577734822
-0.000322584699986146 0.0347484217509105
-0.000288223315501684 0.0364893889272102
-0.000247992685472656 0.0383174044623248
-0.00020284065883259 0.0402368207741952
-0.000151849405271202 0.0422522079016592
-9.60213426203038e-05 0.0443683643854963
-6.36541086477779e-05 0.0465903286935253
9.35673724141595e-16 0.0468653225072551
