0 0
0.00740618322275208 3.54608875415838e-06
0.0152650972441385 7.26948194602469e-06
0.0231612274841068 1.11790447974843e-05
0.0314043328022306 1.52840857915169e-05
0.0394503935583067 1.95943788352511e-05
0.0475657250225945 2.41201865311721e-05
0.0551349989535034 2.88722846118891e-05
0.0624716445431125 3.38619875966419e-05
0.0690639228430611 3.91011757306324e-05
0.0753265311685779 4.46023232713224e-05
0.0808914233122072 5.03785281890469e-05
0.0861909857935236 5.64435433526576e-05
0.0909323405192815 6.28118092744489e-05
0.0955047297669315 6.94984884923297e-05
0.0996460935480073 7.65195016711046e-05
0.103696602738959 8.38915655088182e-05
0.107408260798351 9.16322325384175e-05
0.111084000597686 9.97599329194968e-05
0.114480924258338 0.00010829401831963
0.117878974196815 0.00011725480798977
0.121034674672992 0.000126663637143417
0.124214807409312 0.000136542907754746
0.127172310087362 0.000146916141896642
0.130167460809291 0.000157808037745632
0.132947562549654 0.000169244528387072
0.135770653287042 0.000181252843560584
0.138377403728937 0.000193861574492772
0.141025928823238 0.000207100741971569
0.143450755555109 0.000221001867824306
0.145910613265085 0.000235598049969679
0.148136381319085 0.000250924041222322
0.150386209442521 0.000267016332037596
0.152392174230148 0.000283913237393634
0.154408992484515 0.000301654988017474
0.156176825621846 0.000320283826172507
0.15794269353471 0.00033984410623529
0.159462433868852 0.000360382400301213
0.160970189699326 0.000381947609070432
0.162243820726045 0.000404591078278112
0.163499402618366 0.000428366720946176
0.164540529640665 0.000453331145747644
0.165561668602916 0.000479543791789184
0.166392231811857 0.000507067070132802
0.167203932553543 0.0005359665123936
0.167849427700409 0.000566310926767439
0.168478766294898 0.000598172561859969
0.16896410255909 0.000631627278707126
0.169436333422339 0.000666754731396641
0.169783283063271 0.000703638556720631
0.170119785354491 0.000742366573310821
0.170345966503808 0.000783030990730521
0.170563633328127 0.000825728629021205
0.170682543573779 0.000870561149226424
0.170794064752778 0.000917635295441903
0.170815517481327 0.000967063148968157
0.170829936395532 0.00101896239517072
0.170760608583853 0.00107345660368342
0.170683913265378 0.00113067552262175
0.170527863837434 0.00119075538750699
0.170363510036439 0.0012538392456365
0.170122616464815 0.00132007729667248
0.169871953339303 0.00138962725026027
0.169546258597612 0.00146265470152744
0.169208860903405 0.00153933352535797
0.168796841513057 0.00161984629038003
0.168370764320175 0.00170438469365319
0.16786953597243 0.00179315001709
0.167351510362857 0.00188635360669866
0.166756987707579 0.00198421737578775
0.166142574490969 0.0020869743333313
0.165449599744789 0.00219486913875202
0.164733315643251 0.00230815868444378
0.163935768233542 0.00242711270742013
0.163111196296232 0.0025520144315453
0.162202093387613 0.00268316124187672
0.161261986924593 0.00282086539272471
0.160233582502612 0.00296545475111511
0.159169969599025 0.00311727357742502
0.158013857778051 0.00327668334505043
0.156818151391966 0.00344406360105711
0.15552537770209 0.00361981286986413
0.154188494392827 0.00380434960211149
0.152749676947525 0.00399811317097122
0.15126216541569 0.00420156491827394
0.149667626110412 0.0044151892529418
0.148019805044196 0.00463949480434305
0.146259709438003 0.00487501563331436
0.144441812860433 0.00512231250373423
0.142506316420652 0.0053819742176751
0.140508644143991 0.00565461901731302
0.138388042461196 0.00594089605693283
0.136201113780673 0.00624148694853363
0.133885995605231 0.00655710738471447
0.131500706409794 0.00688850884270435
0.128982111289825 0.00723648037359373
0.126389898635514 0.00760185048102757
0.123659485758959 0.00798548909383311
0.120852509736714 0.00838830963727892
0.117902751260895 0.00881127120789703
0.114874111527055 0.00925538085704604
0.11169853192164 0.0097216959886525
0.108442545156663 0.0102113268768393
0.105036037444697 0.0107254393094354
0.101548611835834 0.0112652573636613
0.0979078717520121 0.0118320663205986
0.0941870252161515 0.0124272157253826
0.0903111553555978 0.0130521226004059
0.0863577362053327 0.0137082748191804
0.0822490853124923 0.0143972346488936
0.078067769255683 0.0151206424700924
0.0737332321977467 0.0158802206823512
0.0693340864623271 0.0166777778052229
0.0647869629938467 0.0175152127842382
0.0601877934797195 0.0183945195122043
0.0554503152825243 0.0193177915765687
0.0506793746982189 0.0202872272441513
0.0457857815912881 0.021305134695113
0.0408853070937786 0.0223739375186228
0.0358858529243479 0.0234961804833081
0.0309166701067934 0.0246745355962276
0.0258828317788199 0.0259118084647932
0.0209303649140768 0.027210944976787
0.0159616799247923 0.0285750383143805
0.0111439541695439 0.0300073363188537
0.00637730288619877 0.0315112492235505
0.00185615973566703 0.0330903577734822
-0.00252067938834534 0.0347484217509105
-0.00652238021364997 0.0364893889272102
-0.010248784384995 0.0383174044623248
-0.0134183777318077 0.0402368207741952
-0.0161237056440807 0.0422522079016592
-0.0180138700589338 0.0443683643854963
-0.0191699178003223 0.0465903286935253
-0.0191699178003211 0.0468653225072551
