0 0
0.00782941049584612 3.54608875415838e-06
0.0159886900841402 7.26948194602469e-06
0.0244103144383384 1.11790447974843e-05
0.0328007909321303 1.52840857915169e-05
0.0409046034358867 1.95943788352511e-05
0.0484684259353962 2.41201865311721e-05
0.0553591191652303 2.88722846118891e-05
0.0615878818165002 3.38619875966419e-05
0.0672078524717596 3.91011757306324e-05
0.0723255294041589 4.46023232713224e-05
0.0770258234991262 5.03785281890469e-05
0.0813921493128125 5.64435433526576e-05
0.0854895875516014 6.28118092744489e-05
0.0893676561828349 6.94984884923297e-05
0.0930711840776473 7.65195016711046e-05
0.096626387041557 8.38915655088182e-05
0.100064331084961 9.16322325384175e-05
0.103396992436777 9.97599329194968e-05
0.106646875262374 0.00010829401831963
0.10981749679036 0.00011725480798977
0.112926313859271 0.000126663637143417
0.115971890939664 0.000136542907754746
0.118968908244895 0.000146916141896642
0.121913058013806 0.000157808037745632
0.124817646199311 0.000169244528387072
0.127676692423422 0.000181252843560584
0.130502937327219 0.000193861574492772
0.133289392797651 0.000207100741971569
0.136048658353168 0.000221001867824306
0.138773093487296 0.000235598049969679
0.141475348457071 0.000250924041222322
0.144147317505457 0.000267016332037596
0.146801765571291 0.000283913237393634
0.149430223900737 0.000301654988017474
0.152045573648634 0.000320283826172507
0.154639045589592 0.00033984410623529
0.157223613536635 0.000360382400301213
0.159790252877596 0.000381947609070432
0.162352000704305 0.000404591078278112
0.164899614451409 0.000428366720946176
0.167446168074079 0.000453331145747644
0.169982234475489 0.000479543791789184
0.172520904233292 0.000507067070132802
0.175052596092838 0.0005359665123936
0.177590403706965 0.000566310926767439
0.180124618985954 0.000598172561859969
0.182668331190124 0.000631627278707126
0.185211729448413 0.000666754731396641
0.187767896271889 0.000703638556720631
0.190326938634907 0.000742366573310821
0.192901934083487 0.000783030990730521
0.195482924603082 0.000825728629021205
0.198082987864183 0.000870561149226424
0.200692114639807 0.000917635295441903
0.203323390453235 0.000967063148968157
0.205966765390125 0.00101896239517072
0.208635342686507 0.00107345660368342
0.211319039179088 0.00113067552262175
0.214030987435267 0.00119075538750699
0.216761075555409 0.0012538392456365
0.21952247854926 0.00132007729667248
0.222305057501879 0.00138962725026027
0.225122044283662 0.00146265470152744
0.227963271985344 0.00153933352535797
0.230842044938385 0.00161984629038003
0.233748164596424 0.00170438469365319
0.236695024451115 0.00179315001709
0.23967238798285 0.00188635360669866
0.242693755584424 0.00198421737578775
0.245748843626618 0.0020869743333313
0.24885127814165 0.00219486913875202
0.251990716256661 0.00230815868444378
0.255180929333112 0.00242711270742013
0.258411499817153 0.0025520144315453
0.261696364978662 0.00268316124187672
0.265025013405941 0.00282086539272471
0.268411569650302 0.00296545475111511
0.271845404927473 0.00311727357742502
0.275340853088817 0.00327668334505043
0.278887139322116 0.00344406360105711
0.282498829209917 0.00361981286986413
0.286164967061899 0.00380434960211149
0.28990037267741 0.00399811317097122
0.293693867060031 0.00420156491827394
0.297560546253795 0.0044151892529418
0.301488956102863 0.00463949480434305
0.305494489660731 0.00487501563331436
0.309565353857135 0.00512231250373423
0.313717257098898 0.0053819742176751
0.317937988546138 0.00565461901731302
0.3222435864222 0.00594089605693283
0.326621324124663 0.00624148694853363
0.331087578853792 0.00655710738471447
0.335628985980082 0.00688850884270435
0.340262263059655 0.00723648037359373
0.344973252104428 0.00760185048102757
0.349778990183399 0.00798548909383311
0.354664328228327 0.00838830963727892
0.359646615877208 0.00881127120789703
0.36470943508551 0.00925538085704604
0.369870207277104 0.0097216959886525
0.375110904830399 0.0102113268768393
0.380448877053922 0.0107254393094354
0.385864076984436 0.0112652573636613
0.391373600939015 0.0118320663205986
0.39695486706648 0.0124272157253826
0.402624470857779 0.0130521226004059
0.408356648116541 0.0137082748191804
0.414167168565691 0.0143972346488936
0.420026280779452 0.0151206424700924
0.425948519833535 0.0158802206823512
0.431899162817586 0.0166777778052229
0.437891025904934 0.0175152127842382
0.443883243790727 0.0183945195122043
0.449886395454473 0.0193177915765687
0.455852143837971 0.0202872272441513
0.46178838415751 0.021305134695113
0.46763791914635 0.0223739375186228
0.473405807816721 0.0234961804833081
0.479024772580351 0.0246745355962276
0.48449759414582 0.0259118084647932
0.489746292607344 0.027210944976787
0.494773334932064 0.0285750383143805
0.499490693814702 0.0300073363188537
0.503904863901152 0.0315112492235505
0.5079204539017 0.0330903577734822
0.511555474679767 0.0347484217509105
0.514711741989748 0.0364893889272102
0.517428251748464 0.0383174044623248
0.519607121539725 0.0402368207741952
0.521313909102126 0.0422522079016592
0.522444207789054 0.0443683643854963
0.523080281662753 0.0465903286935253
0.523080281662754 0.0468653225072551
