0 0
0.0359469628164145 4.81516043702361e-06
0.0730958777712159 9.87107889589841e-06
0.11255299000909 1.51797932777169e-05
0.15332255362728 2.07539433786264e-05
0.196561723790881 2.66068009845813e-05
0.240846583664876 3.2752301470834e-05
0.285211049961947 3.92050769813993e-05
0.323913482644662 4.59804912674929e-05
0.353001387185179 5.30946762678912e-05
0.374783106683717 6.05645705183094e-05
0.392069625013662 6.84079594812485e-05
0.40660468254475 7.66435178923345e-05
0.419482975212363 8.52908542239748e-05
0.431090662082889 9.43705573721972e-05
0.441910806475041 0.000103904245677831
0.451979700827106 0.000113914618398746
0.461591235118911 0.000124425509755707
0.470676465299554 0.000135461945680516
0.47945974531692 0.000147050203401565
0.487834816471216 0.000159217874008667
0.495995869333883 0.000171993928146124
0.503821382477 0.000185408784990454
0.511490517102093 0.000199494384677
0.518874411835486 0.000214284264347874
0.526143785678715 0.000229813638002291
0.533165484091973 0.000246119480339429
0.54010504538601 0.000263240614793424
0.546826249752392 0.000281217805970119
0.553491327870876 0.000300093856705649
0.559961486780683 0.000319913709977955
0.566396901620634 0.000340724555913876
0.572656363460675 0.000362575944146594
0.578898943207982 0.000385519901790947
0.5849809934663 0.000409611057317518
0.591061273479486 0.000434906770620417
0.596993559341498 0.000461467269588462
0.6029370012257 0.000489355793504909
0.608742573720195 0.000518638743617178
0.614570468020493 0.00054938584123506
0.62026855852483 0.000581670293733837
0.625998698435786 0.000615568968857552
0.631605295252288 0.000651162577737454
0.637252472379145 0.00068853586706135
0.64278073716119 0.000727777820851441
0.648357090785733 0.000768981872331037
0.653817638301397 0.000812246126384612
0.659332877196486 0.000857673593140866
0.664733930501245 0.000905372433234933
0.670195434665498 0.000955456215333704
0.675542862480576 0.00100804418653741
0.680955665579593 0.00106326155630131
0.68625290096057 0.0011212397945534
0.691619554630052 0.00118211694471809
0.696867380743971 0.00124603795239102
0.70218768294222 0.00131315501044759
0.707383861176377 0.001383627921407
0.712654406165817 0.00145762447791437
0.717793141386772 0.00153532086224711
0.723006690878271 0.00161690206579649
0.728077900034953 0.00170256232952334
0.733222537852162 0.00179250560643653
0.738210854723023 0.00188694604719538
0.743268875575349 0.00198610850999217
0.74815239517252 0.0020902290959288
0.753098935268098 0.00219955571116227
0.75784773103687 0.0023143486571574
0.762649160534346 0.0024348812504523
0.767223652242802 0.00256144047341194
0.771835885389099 0.00269432765751956
0.77618526573732 0.00283385920083256
0.78055232410975 0.00298036732131121
0.784613688850894 0.0031342008478138
0.788667359896875 0.00329572605064151
0.792366839104877 0.00346532751361061
0.796029132893048 0.00364340904972816
0.799287179654187 0.00383039466265159
0.802477927496798 0.0040267295562212
0.805221207136518 0.00423288119446928
0.807873155699968 0.00444934041462977
0.810053058906307 0.00467662259579828
0.812131310201572 0.00491526888602522
0.813741166812158 0.0051658474907635
0.815256941995871 0.0054289550257387
0.81633498773723 0.00570521793746266
0.817339975900535 0.00599529399477282
0.817952495050813 0.00629987385494849
0.81851667201911 0.00661968270813293
0.81873263016196 0.0069554820039766
0.818921032963974 0.00730807126461246
0.818795821931078 0.0076782899882801
0.818658024922345 0.00806701964813113
0.818229876193423 0.00847518579097471
0.817799076675976 0.00890376024096047
0.817091619319666 0.00935376341344552
0.816388272122124 0.00982626674455482
0.815415042536345 0.0103223952422196
0.814451330152506 0.0108433301647676
0.813219951900605 0.011390311833443
0.812003687020153 0.0119646425855522
0.810519285539262 0.0125676898752668
0.809057068254359 0.0132008895294672
0.807324992495223 0.0138657491663775
0.805624767001578 0.0145638517851334
0.80365281782404 0.0152968595348271
0.801726034330693 0.0160665176720055
0.799526502404952 0.0168746587160428
0.797390176917215 0.017723206812282
0.794981827716567 0.0186141823133331
0.792660615626414 0.0195497065894368
0.790070714738166 0.0205320070793457
0.787599155455202 0.02156342259375
0.784865771157089 0.0226464088838745
0.782291162740271 0.0237835444885052
0.779466074279887 0.0249775368733675
0.776851640539787 0.0262312288774729
0.774003500347089 0.0275476054817836
0.771432084584531 0.0289298009163098
0.768650068011843 0.0303811061225623
0.766228557718066 0.0319049765891275
0.763626789005498 0.0335050405790209
0.761491849722759 0.0351851077684089
0.759215689769108 0.0369491783172664
0.757542447071364 0.0388014523935667
0.755779659065739 0.0407463401736821
0.754795758248923 0.0427884723428032
0.753795770360377 0.0449327111203804
0.753795770360378 0.0468653225072551
