0 0
0.0520731025829225 3.54608875415838e-06
0.0960262074005496 7.26948194602469e-06
0.126691660118948 1.11790447974843e-05
0.149614591063272 1.52840857915169e-05
0.168320917173409 1.95943788352511e-05
0.184452505408566 2.41201865311721e-05
0.198896236647775 2.88722846118891e-05
0.212154339533144 3.38619875966419e-05
0.224531159884913 3.91011757306324e-05
0.236234060411228 4.46023232713224e-05
0.24738989130505 5.03785281890469e-05
0.258104958651534 5.64435433526576e-05
0.268438062714937 6.28118092744489e-05
0.278452637046531 6.94984884923297e-05
0.288177668842486 7.65195016711046e-05
0.297656663252734 8.38915655088182e-05
0.306904089297092 9.16322325384175e-05
0.315953297064637 9.97599329194968e-05
0.324810963086246 0.00010829401831963
0.333504777690607 0.00011725480798977
0.342036824384098 0.000126663637143417
0.350431353552647 0.000136542907754746
0.35868748537397 0.000146916141896642
0.366827202954132 0.000157808037745632
0.374847553090358 0.000169244528387072
0.382768917701422 0.000181252843560584
0.390586793904468 0.000193861574492772
0.398320371771723 0.000207100741971569
0.405963931435714 0.000221001867824306
0.413535743483611 0.000235598049969679
0.421029097955945 0.000250924041222322
0.428461540745344 0.000267016332037596
0.435825535894723 0.000283913237393634
0.443138052424693 0.000301654988017474
0.450390852373436 0.000320283826172507
0.45760044525171 0.00033984410623529
0.464757987630588 0.000360382400301213
0.471879625830057 0.000381947609070432
0.478955987535416 0.000404591078278112
0.486002936879865 0.000428366720946176
0.493010634031969 0.000453331145747644
0.499994730351581 0.000479543791789184
0.506944967832242 0.000507067070132802
0.513876845461442 0.0005359665123936
0.520779726614699 0.000566310926767439
0.527669011176827 0.000598172561859969
0.534533715308516 0.000631627278707126
0.541389187359853 0.000666754731396641
0.548224120731093 0.000703638556720631
0.555053855222 0.000742366573310821
0.56186677986676 0.000783030990730521
0.56867826520667 0.000825728629021205
0.575476408884294 0.000870561149226424
0.582276648498278 0.000917635295441903
0.589066798288144 0.000967063148968157
0.595862396825545 0.00101896239517072
0.602650978203832 0.00107345660368342
0.609448213939651 0.00113067552262175
0.61624135659381 0.00119075538750699
0.623046241005483 0.0012538392456365
0.629849832101331 0.00132007729667248
0.636668157072554 0.00138962725026027
0.643487882158345 0.00146265470152744
0.6503252547237 0.00153933352535797
0.657166625896098 0.00161984629038003
0.66402848984645 0.00170438469365319
0.67089686016887 0.00179315001709
0.677788503165128 0.00188635360669866
0.684689065633001 0.00198421737578775
0.691615609743991 0.0020869743333313
0.698553378210989 0.00219486913875202
0.705519750601495 0.00230815868444378
0.712499518573299 0.00242711270742013
0.719510397627536 0.0025520144315453
0.726536670451047 0.00268316124187672
0.733596402508244 0.00282086539272471
0.740673297085464 0.00296545475111511
0.747785776088791 0.00311727357742502
0.754916870922274 0.00327668334505043
0.762085365747677 0.00344406360105711
0.769273506380112 0.00361981286986413
0.776500425030115 0.00380434960211149
0.783747445130698 0.00399811317097122
0.791034021999617 0.00420156491827394
0.798340380343543 0.0044151892529418
0.805686248942532 0.00463949480434305
0.813050536281251 0.00487501563331436
0.820453167162958 0.00512231250373423
0.827871458371014 0.0053819742176751
0.835325413933397 0.00565461901731302
0.84279041221582 0.00594089605693283
0.85028636793969 0.00624148694853363
0.857786285346879 0.00655710738471447
0.865309754542185 0.00688850884270435
0.872826860895452 0.00723648037359373
0.880356549109019 0.00760185048102757
0.887865319667127 0.00798548909383311
0.895371036286959 0.00838830963727892
0.90283576810404 0.00881127120789703
0.910275806269485 0.00925538085704604
0.917647769727168 0.0097216959886525
0.924965733874885 0.0102113268768393
0.932179806161202 0.0107254393094354
0.939301170944065 0.0112652573636613
0.946272258393151 0.0118320663205986
0.953100828734883 0.0124272157253826
0.959720666644838 0.0130521226004059
0.966136023537364 0.0137082748191804
0.972271787765719 0.0143972346488936
0.978129797450286 0.0151206424700924
0.983627565105523 0.0158802206823512
0.98876810415276 0.0166777778052229
0.993466551170827 0.0175152127842382
0.997734753765578 0.0183945195122043
1.00149536186159 0.0193177915765687
1.00478064996753 0.0202872272441513
1.00753311627543 0.021305134695113
1.0098147985375 0.0223739375186228
1.01159344169762 0.0234961804833081
1.01295747944715 0.0246745355962276
1.01389136091361 0.0259118084647932
1.01449636252662 0.027210944976787
1.01476125465453 0.0285750383143805
1.01479030776823 0.0300073363188537
1.01457096258127 0.0315112492235505
1.01420843673828 0.0330903577734822
1.01368861472838 0.0347484217509105
1.01311932354659 0.0364893889272102
1.01248640050789 0.0383174044623248
1.01190238239843 0.0402368207741952
1.01135393647175 0.0422522079016592
1.01095860445413 0.0443683643854963
1.01070187347335 0.0465903286935253
1.01070187347335 0.0468653225072551
