0 0.000575645962937712
5.07042253521127 0.000774844237710199
10.1408450704225 0.000989474592715692
15.2112676056338 0.00121787028262221
20.2816901408451 0.00145506123458476
25.3521126760563 0.00169514372017681
30.4225352112676 0.00193205540237278
35.4929577464789 0.00215997856519717
40.5633802816901 0.00237334821661017
45.6338028169014 0.00256700588430963
50.7042253521127 0.00273619523349298
55.7746478873239 0.0028766198882512
60.8450704225352 0.00298471623228547
65.9154929577465 0.00305750341807727
70.9859154929577 0.00309301312791088
76.056338028169 0.00309011857975266
81.1267605633803 0.00304864474349526
86.1971830985916 0.00296940305341828
91.2676056338028 0.0028540761656806
96.3380281690141 0.00270534288171952
101.408450704225 0.00252664440533094
106.478873239437 0.00232210218395858
111.549295774648 0.00209621612962365
116.619718309859 0.00185386151038719
121.69014084507 0.00160065434408056
126.760563380282 0.00134306414003272
131.830985915493 0.00108795220084699
136.901408450704 0.00084208250983109
141.971830985915 0.000612581257794894
147.042253521127 0.000406759707072723
152.112676056338 0.000231305073919176
157.183098591549 9.04451786027665e-05
162.253521126761 -3.91152125054604e-05
167.323943661972 -0.000129526467195879
172.394366197183 -0.000230858957622204
177.464788732394 -0.000405018641874661
182.535211267606 -0.000596117522344115
187.605633802817 -0.000797363904279054
192.676056338028 -0.00101452040646511
197.746478873239 -0.00124542909637472
202.816901408451 -0.00148497300941393
207.887323943662 -0.00172716618283334
212.957746478873 -0.0019659988818135
218.028169014085 -0.00219563880890774
223.098591549296 -0.00241054589673984
228.169014084507 -0.00260550263370592
233.239436619718 -0.00277584156385561
238.30985915493 -0.00291717182666657
243.380281690141 -0.00302590760311808
248.450704225352 -0.00309915288842381
253.521126760563 -0.0031348612207338
258.591549295775 -0.00313191104801555
263.661971830986 -0.00309013870640328
268.732394366197 -0.00301035309962226
273.802816901408 -0.00289426128091789
278.87323943662 -0.00274452388272331
283.943661971831 -0.00256461023846983
289.014084507042 -0.00235865745174978
294.084507042254 -0.00213117019668071
299.154929577465 -0.00188702724025559
304.225352112676 -0.00163183745318917
309.295774647887 -0.00137204493937042
314.366197183099 -0.00111449111554893
319.43661971831 -0.000865959031131042
324.507042253521 -0.000633555347047591
329.577464788732 -0.000424562458199708
334.647887323944 -0.000245708966636232
339.718309859155 -0.000101562864355561
344.788732394366 3.20704245995484e-05
349.859154929577 0.000121765412670617
354.929577464789 0.000220764526838781
360 0.000389033175447759
