0 0.00179040402896184
5.07042253521127 0.00195350837745487
10.1408450704225 0.0020887633571627
15.2112676056338 0.0022353023263916
20.2816901408451 0.00251659978990771
25.3521126760563 0.00295387931513843
30.4225352112676 0.00328958942833604
35.4929577464789 0.00358987548484299
40.5633802816901 0.00388218254340387
45.6338028169014 0.00417131284873489
50.7042253521127 0.00446127290136198
55.7746478873239 0.00475484122429573
60.8450704225352 0.0050543761982067
65.9154929577465 0.00536245312210906
70.9859154929578 0.00568237480518503
76.056338028169 0.00601842815361592
81.1267605633803 0.00637691968324895
86.1971830985916 0.00676694361290104
91.2676056338028 0.00720223232062589
96.3380281690141 0.00770412111738969
101.408450704225 0.00830726965852504
106.478873239437 0.00907130473825682
111.549295774648 0.0101086664216368
116.619718309859 0.0116565314462189
121.69014084507 0.0143140100190321
126.760563380282 0.0201570995848533
131.830985915493 0.0445552967468242
136.901408450704 -0.0610683276532719
141.971830985916 -0.0130669435892408
147.042253521127 -0.00551515506246888
152.112676056338 -0.00247372682136537
157.183098591549 -0.000862005424856518
162.253521126761 0.000110734827495419
167.323943661972 0.000742484298744183
172.394366197183 0.00117265197051376
177.464788732394 0.00147666798834911
182.535211267606 0.0016996976474202
187.605633802817 0.00187130380038904
192.676056338028 0.00201510059774393
197.746478873239 0.00216700091274595
202.816901408451 0.00244127111468402
207.887323943662 0.00288166042545906
212.957746478873 0.00322990090396991
218.028169014085 0.00354152008485862
223.098591549296 0.00384685006964549
228.169014084507 0.00415088117454994
233.239436619718 0.00445791097665776
238.30985915493 0.00477112300859232
243.380281690141 0.00509344520799774
248.450704225352 0.00542808665094296
253.521126760563 0.00577935837621511
258.591549295775 0.00615291698127475
263.661971830986 0.00655707101795406
268.732394366197 0.0070039470301066
273.802816901408 0.00751211312396286
278.87323943662 0.0081109876513274
283.943661971831 0.00884970280790086
289.014084507042 0.00981610656922477
294.084507042254 0.0111846930651232
299.154929577465 0.0133539953876251
304.225352112676 0.0174734966062824
309.295774647887 0.0287835832025763
314.366197183099 0.220247693796762
319.43661971831 -0.0258631388205792
324.507042253521 -0.00945657352822474
329.577464788732 -0.00448176246066891
334.647887323944 -0.00210247020225624
339.718309859155 -0.000732365455466489
344.788732394366 0.000137190764299903
349.859154929578 0.000722133956599129
354.929577464789 0.00113159367241994
360 0.00142798937623932
