0 0.000749008241291405
5.07042253521127 0.000856977349071489
10.1408450704225 0.000969968281339931
15.2112676056338 0.00114300765680654
20.2816901408451 0.00139094743984197
25.3521126760563 0.00159184587409956
30.4225352112676 0.00177028482537348
35.4929577464789 0.00193527482042677
40.5633802816901 0.0020855288182754
45.6338028169014 0.00221959088055505
50.7042253521127 0.00233550684520053
55.7746478873239 0.00243116382879977
60.8450704225352 0.0025045551190918
65.9154929577465 0.00255394841346134
70.9859154929578 0.00257787470825366
76.056338028169 0.00257536558396841
81.1267605633803 0.00254588419808367
86.1971830985916 0.00248941939983558
91.2676056338028 0.00240647673715519
96.3380281690141 0.00229807611523909
101.408450704225 0.00216569588143702
106.478873239437 0.00201142197544639
111.549295774648 0.00183778310354317
116.619718309859 0.00164766560542844
121.69014084507 0.00144435860062998
126.760563380282 0.00123154257273699
131.830985915493 0.00101311582958003
136.901408450704 0.000793041634971575
141.971830985916 0.000575321623279648
147.042253521127 0.00036394925606437
152.112676056338 0.000162732682240548
157.183098591549 -2.53543194409064e-05
162.253521126761 -0.000198505231737041
167.323943661972 -0.000356074435935757
172.394366197183 -0.000498476586305158
177.464788732394 -0.000626927004161229
182.535211267606 -0.00074335142493613
187.605633802817 -0.000851418748752879
192.676056338028 -0.000963219988346696
197.746478873239 -0.00113028655706972
202.816901408451 -0.00137704168857115
207.887323943662 -0.00157941186456611
212.957746478873 -0.00175766695020074
218.028169014085 -0.00192236599818302
223.098591549296 -0.00207226683762417
228.169014084507 -0.00220594781999468
233.239436619718 -0.00232148358709667
238.30985915493 -0.00241680049572393
243.380281690141 -0.00248987096804168
248.450704225352 -0.00253899092777011
253.521126760563 -0.00256269869926975
258.591549295775 -0.0025600287789457
263.661971830986 -0.00253044346271838
268.732394366197 -0.00247393592240208
273.802816901408 -0.00239101238974024
278.87323943662 -0.00228269528372576
283.943661971831 -0.00215046448446345
289.014084507042 -0.00199641513334363
294.084507042254 -0.00182306788426724
299.154929577465 -0.00163330587886084
304.225352112676 -0.00143044523005945
309.295774647887 -0.00121815919963446
314.366197183099 -0.001000337889236
319.43661971831 -0.000780965590277386
324.507042253521 -0.000564004540960978
329.577464788732 -0.000353466045825163
334.647887323944 -0.000153122010758803
339.718309859155 3.40784121775259e-05
344.788732394366 0.000206371823928858
349.859154929578 0.000363154195815776
354.929577464789 0.000504870485700585
360 0.00063275004220548
