0 0.000892658442658354
5.07042253521127 0.000968058557877775
10.1408450704225 0.0010358823023395
15.2112676056338 0.00109559886328429
20.2816901408451 0.00114674087765603
25.3521126760563 0.00118890808985137
30.4225352112676 0.00122177048426246
35.4929577464789 0.00124507086809655
40.5633802816901 0.00125862688425831
45.6338028169014 0.00126233243854135
50.7042253521127 0.00125615852995923
55.7746478873239 0.00124015347771749
60.8450704225352 0.00121444254305039
65.9154929577465 0.00117922694888186
70.9859154929578 0.00113478230498334
76.056338028169 0.00108145645095362
81.1267605633803 0.00101966673390233
86.1971830985916 0.000949896742143002
91.2676056338028 0.000872692520458804
96.3380281690141 0.000788658296561766
101.408450704225 0.000698451752191693
106.478873239437 0.000602778875864835
111.549295774648 0.00050238843755653
116.619718309859 0.000398066128560926
121.69014084507 0.000290628412391328
126.760563380282 0.000180916134846204
131.830985915493 6.97879432507458e-05
136.901408450704 -4.18864336226392e-05
141.971830985916 -0.000153232992361202
147.042253521127 -0.000263380295173569
152.112676056338 -0.000371466290071999
157.183098591549 -0.000476645057598006
162.253521126761 -0.000578093431289055
167.323943661972 -0.000675017440072225
172.394366197183 -0.000766658522164359
177.464788732394 -0.000852299461846514
182.535211267606 -0.000931270002649402
187.605633802817 -0.00100295209301902
192.676056338028 -0.00106678472340806
197.746478873239 -0.00112226831693625
202.816901408451 -0.00116896863925679
207.887323943662 -0.00120652019702888
212.957746478873 -0.00123462909839869
218.028169014085 -0.00125307535310152
223.098591549296 -0.00126171459418398
228.169014084507 -0.00126047920787108
233.239436619718 -0.00124937886273571
238.30985915493 -0.00122850043402897
243.380281690141 -0.0011980073237635
248.450704225352 -0.00115813818187122
253.521126760563 -0.00110920503844402
258.591549295775 -0.00105159086167522
263.661971830986 -0.000985746560614222
268.732394366197 -0.000912187456191837
273.802816901408 -0.000831489248135287
278.87323943662 -0.00074428350933729
283.943661971831 -0.00065125274294185
289.014084507042 -0.000553125040831788
294.084507042254 -0.000450668385322567
299.154929577465 -0.000344684638659419
304.225352112676 -0.000236003267358057
309.295774647887 -0.000125474850504559
314.366197183099 -1.39644228207749e-05
319.43661971831 9.76552954052474e-05
324.507042253521 0.00020851072853878
329.577464788732 0.000317734282512201
334.647887323944 0.000424471134924904
339.718309859155 0.000527885925187584
344.788732394366 0.000627169292351481
349.859154929578 0.000721544209455174
354.929577464789 0.000810272064814082
360 0.000892658442658354
